INPUT: 281 -63 367 202 -416 487 267 293 -381 -51 -132 437 147 331 -58 -279
OUTPUT: 21 4 27 15 1 44 18 21 1 4 4 39 13 24 4 1
INPUT: 56 -447 335 135 264 -149 482 403 285 -313 -34 -467 -354 187 251 479
OUTPUT: 10 1 27 13 18 4 44 33 21 1 7 1 1 15 18 44
INPUT: -178 -133 -31 -318 -379 -25 -280 174 -64 341 205 -192 340 312 -115 -217
OUTPUT: 7 7 10 4 1 10 4 24 10 44 27 4 44 42 7 4
INPUT: 187 -369 -307 -504 294 169 210 287 -42 70 -369 -395 172 -30 67 271
OUTPUT: 22 3 3 1 32 20 24 32 9 13 3 3 20 9 13 30
INPUT: 138 55 61 -201 -480 -65 -292 -94 362 -272 -452 -224 -211 166 58 291
OUTPUT: 23 15 15 5 1 12 5 8 54 5 1 5 5 26 15 44
INPUT: 168 -96 322 -341 -489 -420 228 -39 -347 1 -356 201 -55 -122 -203 133
OUTPUT: 30 12 54 5 1 1 40 12 5 15 5 33 12 8 8 26
INPUT: -142 -422 -391 473 418 205 -240 480 285 222 -52 -233 -413 412 -45 -305
OUTPUT: 4 1 1 44 36 15 1 44 21 15 4 1 1 36 7 1
INPUT: -199 81 -331 365 265 225 -70 130 86 153 -426 -86 -469 -6 -174 -364
OUTPUT: 5 19 5 54 37 33 8 23 19 23 1 8 1 12 5 1
INPUT: -406 90 -337 435 83 -157 93 -489 470 -18 290 -427 -14 -10 448 73
OUTPUT: 1 12 1 51 12 5 12 1 54 8 26 1 8 8 51 12
INPUT: -27 -239 -172 21 -63 -490 334 406 -368 55 -401 176 -224 163 232 275
OUTPUT: 8 5 5 12 8 1 44 54 1 15 1 23 5 23 30 33
INPUT: -402 426 -276 -474 56 -132 338 316 -187 464 -214 15 -250 447 -343 -466
OUTPUT: 1 47 1 1 12 5 33 30 5 54 5 8 1 51 1 1
INPUT: -66 504 401 255 400 403 19 -188 279 166 -129 -415 253 -243 447 -265
OUTPUT: 4 44 30 18 30 30 7 4 18 13 4 1 18 1 36 1
INPUT: -386 339 -355 -328 102 384 -311 -194 284 483 1 -365 -498 -277 -377 182
OUTPUT: 2 43 2 2 15 47 2 6 34 70 11 2 2 2 2 20
INPUT: -387 6 199 83 -307 311 221 245 -378 -385 438 -105 -204 -12 167 467
OUTPUT: 1 8 19 12 1 30 23 23 1 1 51 5 5 8 15 54
INPUT: -219 435 -487 57 137 -404 -368 -83 477 98 443 312 -33 292 -494 -400
OUTPUT: 5 47 1 12 15 1 1 5 54 12 51 30 8 26 1 1
INPUT: 337 304 -274 32 109 377 106 -90 -129 -76 156 376 -47 -258 -270 252
OUTPUT: 33 30 3 11 13 38 13 6 6 6 15 38 8 3 3 23
INPUT: 324 -404 -444 97 -362 332 -194 -365 431 -342 -220 -355 -394 -490 -455 -333
OUTPUT: 47 2 2 20 2 47 6 2 70 2 6 2 2 2 2 2
INPUT: -457 93 185 -109 -186 5 384 360 -467 -326 -270 -257 73 -86 -462 -129
OUTPUT: 1 19 26 8 5 12 54 51 1 5 5 5 15 8 1 8
INPUT: 24 -408 341 -459 435 -411 352 412 491 309 286 146 286 -374 37 15
OUTPUT: 7 1 24 1 36 1 27 33 44 21 21 13 21 1 7 7
INPUT: 366 -38 -118 143 -239 -369 -23 -85 -274 -136 -137 -177 -123 190 -208 460
OUTPUT: 52 11 6 20 6 2 11 6 2 6 6 6 6 25 6 70
INPUT: 426 -20 -176 36 357 156 312 34 136 -217 241 -305 199 369 -377 117
OUTPUT: 44 7 4 10 36 15 30 10 15 4 21 1 18 36 1 13
INPUT: -415 231 -425 446 -371 470 308 96 289 302 457 -253 92 -415 119 -337
OUTPUT: 1 18 1 42 1 44 24 10 21 24 44 1 10 1 13 1
INPUT: 67 74 -35 23 270 306 -8 102 442 -389 -392 -422 162 -83 281 175
OUTPUT: 12 12 8 12 30 33 8 15 54 1 1 1 19 8 30 19
INPUT: -170 408 269 -235 -139 -190 -351 -361 447 -64 -119 235 54 447 287 -21
OUTPUT: 4 39 24 4 4 4 1 1 44 7 4 18 10 44 24 7
INPUT: -127 498 223 462 -391 359 140 -387 90 191 -499 -47 333 -210 -42 -59
OUTPUT: 5 54 19 47 1 33 12 1 12 15 1 5 30 5 5 5
INPUT: -203 428 288 -399 509 388 -221 345 -403 511 170 154 -419 407 -482 -265
OUTPUT: 1 33 18 1 44 27 1 24 1 44 13 10 1 30 1 1
INPUT: -366 283 -309 420 160 -475 -506 -459 108 309 -268 358 -453 308 438 279
OUTPUT: 1 24 1 42 15 1 1 1 13 27 4 33 1 27 44 24
INPUT: 203 346 -471 -305 -384 5 251 133 360 -353 240 -314 -235 215 492 114
OUTPUT: 19 33 1 1 1 8 23 12 33 1 19 1 1 19 54 12
INPUT: -456 119 -469 393 215 -335 -418 -324 492 -42 291 140 74 -363 457 -203
OUTPUT: 1 12 1 37 19 1 1 1 54 5 26 15 12 1 51 5
INPUT: 80 205 153 451 -360 9 -98 -26 -390 -375 -227 -200 -74 114 138 -90
OUTPUT: 15 29 25 70 2 11 6 11 2 2 6 6 11 20 20 6
INPUT: -93 -289 90 -187 -475 -84 -26 -281 74 67 207 151 156 -188 294 50
OUTPUT: 10 4 21 7 1 10 13 4 18 18 33 27 27 7 44 18
INPUT: -70 129 -143 13 242 396 431 4 21 307 -190 345 -6 -393 -438 350
OUTPUT: 7 13 4 10 21 42 44 10 10 27 4 33 7 1 1 33
INPUT: -455 -225 -170 -335 -191 249 -497 335 365 -131 -355 103 -389 -138 469 507
OUTPUT: 2 2 6 2 6 25 2 38 43 6 2 15 2 6 61 70
INPUT: 279 -194 192 210 -115 144 -501 -298 26 -344 -342 344 501 57 347 502
OUTPUT: 23 5 15 19 5 12 1 1 8 1 1 30 54 8 30 54
INPUT: -367 -53 -110 -430 261 -68 -31 -358 -327 417 -466 -274 -213 -10 89 -7
OUTPUT: 2 11 11 2 38 11 11 2 2 70 2 6 6 15 20 15
INPUT: -426 -262 352 141 153 174 269 -452 -137 40 -165 353 -18 275 360 5
OUTPUT: 1 3 38 15 18 18 28 1 6 11 6 38 8 28 38 11
INPUT: 419 89 359 -163 -1 32 -405 -104 427 134 -330 -165 -316 -487 438 -53
OUTPUT: 42 13 33 4 7 10 1 4 44 13 1 4 1 1 44 7
INPUT: -197 101 -505 -227 208 137 493 123 -23 268 413 226 474 289 376 -395
OUTPUT: 4 10 1 1 15 10 44 10 7 18 33 15 42 21 30 1
INPUT: 238 -61 54 158 481 496 -217 239 256 -157 -385 -470 284 -11 497 -36
OUTPUT: 15 4 7 13 42 44 1 15 18 4 1 1 18 7 44 4
INPUT: 489 -91 301 -425 57 309 435 330 -474 -130 -462 -400 180 218 280 374
OUTPUT: 44 4 21 1 7 21 39 24 1 4 1 1 13 15 21 30
INPUT: 245 308 -462 -272 125 367 -507 15 182 -482 -101 405 176 -269 361 -156
OUTPUT: 24 30 1 4 15 39 1 10 18 1 7 44 18 4 39 4
INPUT: 362 -206 92 -106 -231 396 -320 -425 -162 223 315 511 -209 -94 -372 77
OUTPUT: 38 2 15 6 2 47 2 2 6 25 34 70 2 6 2 11
INPUT: 510 206 97 -110 425 -3 -374 -138 -443 -305 -494 -48 138 -160 -82 470
OUTPUT: 70 20 15 6 52 11 2 6 2 2 2 6 15 6 6 61
INPUT: 258 42 -221 407 -271 -179 419 30 248 93 157 -205 -265 -182 -353 383
OUTPUT: 24 10 4 44 4 4 44 10 24 13 15 4 4 4 1 39
INPUT: -222 63 299 291 -63 -24 507 179 322 412 294 -322 64 -408 157 466
OUTPUT: 1 7 21 18 4 7 44 13 21 33 18 1 7 1 13 39
INPUT: 13 -69 -475 471 -407 -470 -260 -445 -46 16 -192 -460 -398 -118 -450 203
OUTPUT: 15 9 3 98 3 3 3 3 15 15 9 3 3 9 3 35
INPUT: -300 -203 -108 -85 -510 -397 371 -511 8 -11 -171 -70 287 349 -245 -182
OUTPUT: 5 5 8 8 1 1 54 1 12 12 5 8 40 51 5 5
INPUT: -264 -21 188 -278 -173 441 -462 -40 217 -358 -463 -370 429 -503 -319 -480
OUTPUT: 6 11 25 2 6 70 2 11 29 2 2 2 70 2 2 2
INPUT: -399 123 -265 71 92 358 -507 362 122 -345 279 364 -252 429 -47 106
OUTPUT: 1 13 4 10 13 36 1 36 13 1 24 36 4 44 7 13
INPUT: 496 -142 321 -186 306 103 -290 -88 -187 -432 -481 -157 -493 -343 231 213
OUTPUT: 70 6 38 6 34 15 2 6 6 2 2 6 2 2 25 25
INPUT: 244 -187 399 96 -383 -365 198 -335 7 504 -508 -495 505 87 -382 407
OUTPUT: 19 5 37 12 1 1 15 1 8 54 1 1 54 12 1 37
INPUT: 390 37 125 -232 -460 97 -210 168 344 -493 98 -275 383 -252 113 55
OUTPUT: 44 13 15 4 1 15 4 18 39 1 15 4 44 4 15 13
INPUT: -106 182 231 69 265 495 -83 15 -499 303 21 -94 -416 399 -108 187
OUTPUT: 5 15 19 12 23 54 5 8 1 26 8 5 1 37 5 15
INPUT: -359 473 -329 -308 368 422 -295 -31 239 387 -124 17 248 237 290 72
OUTPUT: 1 44 1 1 30 39 1 7 18 33 4 7 18 18 21 10
INPUT: -405 414 374 305 -410 -303 249 -488 491 -126 225 397 -108 -185 111 83
OUTPUT: 1 33 30 21 1 1 18 1 44 4 15 33 4 4 10 10
INPUT: -93 104 446 -33 -311 -126 -108 -378 -345 189 -164 466 -263 -411 260 390
OUTPUT: 5 12 51 8 1 5 5 1 1 19 5 54 1 1 26 40
INPUT: -227 -305 -322 23 -32 -246 -466 -19 470 156 -5 -399 -254 -210 271 386
OUTPUT: 6 2 2 11 11 2 2 11 70 20 11 2 2 6 34 52
INPUT: 411 496 494 464 -438 -371 -200 54 -413 354 120 43 -343 -253 -348 360
OUTPUT: 33 44 44 42 1 1 4 7 1 27 10 7 1 1 1 27
INPUT: 86 241 -209 -132 -97 266 279 -300 452 -388 406 -409 -241 355 -328 -89
OUTPUT: 12 26 5 5 5 26 30 1 54 1 47 1 5 37 1 5
INPUT: -51 -261 215 360 384 -165 32 -258 -261 -347 451 397 284 18 -10 30
OUTPUT: 7 1 18 33 36 4 10 4 1 1 44 39 24 7 7 10
INPUT: 37 -67 -377 -383 463 -18 464 -344 56 -299 -253 -481 -390 427 -183 111
OUTPUT: 12 8 1 1 54 8 54 1 12 1 1 1 1 47 5 15
INPUT: -36 -102 33 -320 500 326 247 -32 -355 431 -162 -461 -161 302 126 257
OUTPUT: 5 5 8 1 54 30 19 5 1 44 5 1 5 26 12 23
INPUT: 301 -295 434 -63 142 -510 505 -224 -448 -43 -380 -356 135 -110 432 -185
OUTPUT: 26 1 44 5 12 1 54 1 1 5 1 1 12 5 44 5
INPUT: 232 -40 164 102 -28 461 -161 -331 182 354 -471 -52 402 256 504 32
OUTPUT: 15 4 13 10 4 39 4 1 13 24 1 4 30 18 44 7
INPUT: 164 -202 458 -137 244 -99 63 225 9 417 -83 151 -161 -94 -61 -383
OUTPUT: 19 5 54 5 23 5 12 23 8 47 5 15 5 5 8 1
INPUT: -418 172 159 167 -492 -178 -309 285 369 -259 172 -380 -230 -370 -222 179
OUTPUT: 1 26 26 26 1 5 5 40 54 5 26 1 5 1 5 26
INPUT: 420 -305 43 206 464 113 -251 128 -184 488 -103 190 -488 -102 384 113
OUTPUT: 36 1 7 15 42 10 1 10 4 44 4 15 1 4 30 10
INPUT: -57 446 362 -182 46 -10 135 -170 -262 423 434 352 490 251 271 269
OUTPUT: 3 33 23 3 6 6 11 3 1 30 30 23 38 15 15 15
INPUT: -20 -45 -266 148 -216 -248 88 -92 -288 324 369 -340 -504 -168 305 347
OUTPUT: 10 10 4 18 4 4 15 7 4 39 44 4 1 4 36 42
INPUT: -370 281 -394 -113 511 -315 -354 -79 123 443 492 -441 -371 298 -235 394
OUTPUT: 1 23 1 5 54 1 1 5 12 44 51 1 1 23 1 37
INPUT: 167 -397 341 -331 -78 53 1 191 156 504 511 17 -415 233 488 -186
OUTPUT: 13 1 24 1 4 7 7 13 13 44 44 7 1 15 42 4
INPUT: -40 -77 -459 176 -150 294 340 329 -85 -183 255 309 -9 402 -365 388
OUTPUT: 6 6 1 15 3 25 30 30 6 3 23 28 8 38 1 38
INPUT: -414 -355 35 -443 -458 -511 -65 281 -476 156 331 -340 -362 369 331 40
OUTPUT: 1 1 15 1 1 1 8 40 1 23 47 5 1 54 47 15
INPUT: 327 -417 -108 244 -248 258 4 256 -36 -135 -288 -299 258 -390 -424 -331
OUTPUT: 44 1 7 33 4 36 13 36 10 7 4 4 36 1 1 4
INPUT: -332 331 -104 502 -371 157 -53 -110 384 487 382 -315 -286 160 -216 240
OUTPUT: 1 24 4 44 1 13 4 4 30 44 27 1 1 13 1 15
INPUT: 68 52 336 216 -485 -461 104 -14 -246 -83 264 334 63 -117 -235 22
OUTPUT: 15 15 44 27 1 1 18 13 4 10 36 44 15 7 4 13
INPUT: -190 66 181 -444 -511 -295 404 150 -336 400 -31 -24 446 -451 -292 88
OUTPUT: 5 12 19 1 1 1 47 19 1 47 8 8 54 1 1 12
INPUT: -312 184 -293 -410 -300 -79 -332 -374 369 -184 -143 -455 -146 -241 113 -302
OUTPUT: 9 47 9 3 9 15 9 3 98 9 15 3 15 9 35 9
INPUT: 398 440 -410 -402 -394 122 -387 361 260 327 27 509 -467 -101 -180 459
OUTPUT: 30 36 1 1 1 10 1 24 18 21 7 44 1 4 4 39
INPUT: 79 314 -338 490 -1 -6 482 -122 -105 87 -381 -183 -314 -406 375 91
OUTPUT: 12 30 1 54 8 8 54 5 5 12 1 5 1 1 37 12
INPUT: -145 -94 -70 136 437 443 -111 -175 -50 70 -39 163 56 -184 -158 -124
OUTPUT: 5 5 8 15 54 54 5 5 8 12 8 19 12 5 5 5
INPUT: -415 -342 228 -114 -292 64 262 -248 335 438 100 173 -458 456 -110 434
OUTPUT: 1 1 18 4 1 10 21 4 27 42 10 15 1 44 4 42
INPUT: 81 -507 -473 185 64 -485 249 361 -4 -35 -506 294 -173 388 -130 67
OUTPUT: 13 1 1 21 13 1 27 42 10 10 1 33 4 44 7 13
INPUT: -235 -348 282 -3 37 477 475 364 -320 97 387 -129 -408 318 -19 66
OUTPUT: 1 1 21 7 7 44 44 30 1 10 33 4 1 24 7 10
INPUT: 494 110 -77 -133 -84 -391 302 346 -221 -201 383 -487 21 -37 195 -345
OUTPUT: 70 15 6 6 6 2 34 38 2 6 47 2 11 11 25 2
INPUT: 172 -126 122 -471 -39 23 -293 -369 -319 -160 -413 458 -97 316 486 -429
OUTPUT: 20 6 15 2 11 11 2 2 2 6 2 66 6 38 70 2
INPUT: 155 380 137 -73 -71 -475 35 505 470 -471 211 -203 413 -466 446 346
OUTPUT: 13 27 10 4 4 1 7 44 42 1 15 4 33 1 36 24
INPUT: -392 -451 343 -353 36 426 69 -105 -56 -447 480 -194 -318 -219 476 -415
OUTPUT: 1 1 33 1 8 47 12 5 5 1 54 5 1 5 54 1
INPUT: 376 213 338 487 350 454 -382 303 47 45 408 483 210 -17 -45 -116
OUTPUT: 22 11 18 32 20 30 1 15 5 5 24 32 11 5 3 3
INPUT: -142 -111 -420 -433 287 -55 441 115 -476 -351 -301 487 -288 16 447 489
OUTPUT: 4 4 1 1 21 4 39 10 1 1 1 44 1 7 39 44
INPUT: -270 -462 -355 -447 -312 70 422 38 129 -305 308 121 373 460 -156 -419
OUTPUT: 1 1 1 1 1 12 47 12 15 1 30 15 40 54 5 1
INPUT: -281 -64 456 -125 277 41 -325 -184 157 177 -67 -278 227 -339 447 -320
OUTPUT: 1 8 54 5 30 12 1 5 19 19 8 1 23 1 54 1
INPUT: -402 -2 20 8 -65 507 -14 -23 -80 -444 95 -279 141 -460 493 -32
OUTPUT: 2 11 11 11 6 70 11 11 6 2 15 2 15 2 70 6
INPUT: 406 -25 -450 330 152 289 -74 141 365 134 -156 166 176 472 -132 -77
OUTPUT: 36 7 1 27 13 21 4 13 30 13 4 13 15 44 4 4
INPUT: 320 6 242 -41 -291 251 -378 -309 130 253 404 -233 -399 467 -354 -310
OUTPUT: 33 8 23 8 1 23 1 1 15 23 44 5 1 54 1 1
INPUT: -214 30 392 267 213 -333 -146 -22 -361 -232 -196 -382 51 210 -440 -19
OUTPUT: 5 12 54 33 30 1 5 12 1 5 5 1 15 26 1 12
INPUT: 289 254 323 -53 328 -265 -143 -331 -33 -111 -265 258 -191 -233 -378 -63
OUTPUT: 39 36 44 10 44 4 7 4 10 7 4 36 7 4 4 10
INPUT: -202 -134 -270 269 440 -2 146 376 511 116 399 418 298 -40 -429 -496
OUTPUT: 1 4 1 18 36 7 10 27 44 10 30 33 18 4 1 1
INPUT: -23 -6 -95 70 53 345 -401 -281 300 356 507 382 399 -190 -101 -237
OUTPUT: 8 8 5 8 8 30 1 1 26 30 54 33 37 5 5 1
INPUT: 109 449 -159 58 -209 -338 -312 -453 460 -99 342 186 -315 -332 319 -241
OUTPUT: 15 54 5 12 5 1 1 1 54 5 37 19 1 1 33 5
INPUT: 423 -369 182 322 -271 -229 476 -241 -72 -69 -253 282 278 -125 343 -294
OUTPUT: 47 1 19 30 1 5 54 1 5 5 1 26 26 5 33 1
INPUT: -508 73 506 -472 -299 19 317 -421 -107 253 -132 -319 -312 -92 -21 370
OUTPUT: 2 11 70 2 2 11 34 2 6 25 6 2 2 6 11 43
INPUT: 146 195 495 -90 -99 434 -260 235 261 -412 -33 -307 -322 -37 -216 303
OUTPUT: 15 15 54 5 5 44 1 19 23 1 8 1 1 5 5 26
INPUT: 417 310 -240 -231 -251 -374 454 -100 -282 355 -103 -476 -346 143 290 -296
OUTPUT: 47 33 5 5 5 1 54 5 1 37 5 1 1 15 30 1
INPUT: 427 359 357 -279 -460 376 -199 122 266 -381 288 449 234 -60 386 28
OUTPUT: 30 24 24 1 1 26 3 9 15 1 18 32 13 5 26 7
INPUT: 251 328 255 -217 -391 -268 3 5 85 -107 294 423 -259 242 182 24
OUTPUT: 24 33 24 4 1 4 10 10 13 7 27 44 4 21 18 10
INPUT: -319 302 472 227 428 496 -152 142 -27 498 -416 -90 385 -221 295 -120
OUTPUT: 1 18 35 13 30 38 3 8 6 38 1 3 25 1 18 3
INPUT: 491 393 -203 277 -167 109 162 338 -487 -287 217 65 -5 -455 -155 374
OUTPUT: 54 37 5 23 5 12 15 30 1 1 19 12 8 1 5 37
INPUT: -480 -106 456 -460 256 -248 375 252 395 -291 32 286 -260 -276 -484 470
OUTPUT: 1 4 44 1 18 1 33 18 36 1 7 21 1 1 1 44
INPUT: 215 139 250 32 -24 -52 144 -306 397 319 -154 80 -368 484 413 432
OUTPUT: 15 13 18 7 7 4 13 1 33 24 4 10 1 44 36 39
INPUT: -172 -339 -295 -420 -389 -439 502 -436 -376 335 82 281 134 391 142 23
OUTPUT: 6 2 2 2 2 2 70 2 2 38 15 29 15 47 15 11
INPUT: 218 -54 -158 -33 -338 304 -245 -355 -260 350 -174 191 365 -432 271 -197
OUTPUT: 27 10 7 10 4 36 4 1 4 44 4 24 44 1 33 4
INPUT: -290 193 420 -210 70 -215 56 125 113 127 -374 198 179 187 -436 -54
OUTPUT: 5 23 54 5 15 5 12 19 15 19 1 23 23 23 1 8
INPUT: -93 -423 -284 -60 249 -269 338 47 267 -28 -1 123 438 -8 29 104
OUTPUT: 8 1 1 8 26 5 37 12 30 8 8 15 54 8 12 15
INPUT: 243 -438 16 -19 432 -7 -32 473 -51 -327 -290 -415 -511 -70 276 239
OUTPUT: 23 1 8 8 47 8 8 54 8 1 1 1 1 5 26 23
INPUT: -479 72 -354 452 -341 130 -178 145 -90 266 -276 416 0 262 358 511
OUTPUT: 1 8 1 44 1 12 5 12 5 23 1 40 8 23 30 54
INPUT: -283 -218 -256 -243 84 505 502 27 142 369 443 -303 29 341 -202 -62
OUTPUT: 1 1 1 1 10 44 44 7 10 27 36 1 7 24 4 4
INPUT: 497 497 416 306 -236 -183 48 62 6 140 -94 255 -170 -173 -382 -319
OUTPUT: 54 54 40 26 1 5 8 8 8 12 5 23 5 5 1 1
INPUT: 359 -55 -279 266 55 -490 -188 -331 160 -230 -445 -456 84 -490 357 -353
OUTPUT: 54 12 5 40 15 1 5 5 26 5 1 1 19 1 54 1
INPUT: 109 -57 -59 -438 310 402 -501 -329 414 51 -358 -304 164 230 102 464
OUTPUT: 15 8 8 1 30 44 1 1 47 12 1 1 15 23 12 54
INPUT: -6 -205 -23 -144 -282 -465 -151 216 -493 -62 147 113 283 318 217 -407
OUTPUT: 13 7 13 7 4 1 7 30 1 10 24 21 42 44 30 1
INPUT: -26 106 -261 -468 -283 -46 -88 -331 332 436 -306 440 -494 435 463 -500
OUTPUT: 7 10 1 1 1 7 4 1 27 42 1 42 1 42 44 1
INPUT: 269 481 416 482 52 -432 358 117 117 -85 74 -355 246 -435 235 357
OUTPUT: 15 38 30 38 6 1 23 8 8 3 8 1 15 1 15 23
INPUT: -28 10 -192 481 239 -134 -333 -287 -37 453 240 -292 368 -125 360 -264
OUTPUT: 8 8 5 54 23 5 1 1 8 51 23 1 37 5 33 1
INPUT: 122 437 -248 198 499 -358 -421 178 -164 -439 -25 260 -220 -169 354 21
OUTPUT: 12 44 1 15 54 1 1 15 5 1 8 23 1 5 33 8
INPUT: 88 -14 116 39 38 99 -3 -92 -89 48 -116 -55 -92 -15 -22 6
OUTPUT: 22 14 23 17 17 22 15 11 11 18 9 12 11 14 14 15
INPUT: 29 -32 39 -100 29 -64 -11 -27 79 -31 8 24 -122 4 -40 -20
OUTPUT: 18 14 18 11 18 13 15 14 21 14 17 18 10 17 14 14
INPUT: 72 113 -122 270 68 -55 74 34 110 123 -117 -14 12 -90 -42 125
OUTPUT: 18 20 8 38 18 11 18 15 20 23 8 13 13 8 11 23
INPUT: 345 -45 -5 122 -6 -94 -115 114 -60 1 -105 -20 110 1 121 -62
OUTPUT: 44 10 13 18 13 7 7 18 10 13 7 10 18 13 18 10
INPUT: 92 -13 -56 91 -28 8 122 -80 166 -120 -28 -77 46 -82 45 -61
OUTPUT: 23 15 12 23 14 15 25 12 29 10 14 12 17 12 17 12
INPUT: 55 -9 -36 90 18 210 102 -40 -118 -1 -96 -67 63 -95 79 112
OUTPUT: 18 13 13 20 15 32 22 13 9 15 9 11 20 9 20 22
INPUT: 54 55 126 -41 -86 5 9 -82 29 -124 109 -60 -118 99 -66 -58
OUTPUT: 20 20 26 14 10 15 17 12 17 10 24 12 10 24 12 12
INPUT: 266 -31 -29 -41 -44 -105 -122 -76 66 126 110 1 8 -47 70 68
OUTPUT: 38 13 13 11 11 8 8 11 18 23 20 13 13 11 18 18
INPUT: 101 -17 68 78 -49 309 -104 127 69 -104 40 -119 69 77 26 91
OUTPUT: 18 11 15 15 8 38 8 18 15 8 13 6 15 15 13 15
INPUT: -22 101 -13 -60 -27 -19 97 -59 101 -19 -44 1 -21 -62 1 -89
OUTPUT: 14 23 15 12 14 14 23 12 23 14 14 15 14 12 15 11
INPUT: 17 -22 83 -62 120 385 120 87 -92 7 -84 81 22 -61 110 -99
OUTPUT: 12 12 15 8 19 54 19 19 8 12 8 15 12 8 19 8
INPUT: -113 25 81 -111 3 -62 42 -98 112 256 -80 -45 22 56 -15 -88
OUTPUT: 8 15 20 8 13 11 15 11 23 38 11 11 15 18 13 11
INPUT: 128 -11 95 -5 108 -106 -99 255 115 -47 -37 -12 -21 -79 102 -63
OUTPUT: 23 13 20 13 23 8 11 38 23 11 13 13 13 11 20 11
INPUT: -118 39 -41 40 -104 115 64 96 -93 -46 -34 236 -52 -112 -34 -63
OUTPUT: 11 18 13 18 11 23 20 23 11 13 13 38 13 11 13 13
INPUT: -78 -61 32 -29 -40 9 70 -31 268 119 6 105 75 -113 -18 51
OUTPUT: 11 11 15 13 11 13 18 13 38 20 13 20 18 8 13 15
INPUT: -104 16 -96 64 2 57 95 33 29 65 88 94 -119 14 -73 386
OUTPUT: 8 12 8 15 12 15 19 15 12 15 19 19 8 12 8 54
INPUT: -20 59 -41 52 -76 -104 99 68 -77 -53 121 53 28 -49 -51 -118
OUTPUT: 14 18 12 18 11 9 22 20 11 12 23 18 17 12 12 9
INPUT: -127 59 115 66 -7 -4 -16 -45 6 -18 25 320 127 -108 -30 -82
OUTPUT: 7 15 21 15 13 13 13 10 13 13 15 44 21 7 13 10
INPUT: -54 -83 407 -1 107 -120 -111 -25 -107 -61 124 -75 -77 19 -1 21
OUTPUT: 11 11 70 15 20 11 11 11 11 11 25 11 11 15 15 15
INPUT: -93 -18 49 94 -33 17 24 -84 -110 58 -54 57 -111 93 86 -105
OUTPUT: 10 14 18 21 13 15 17 11 10 18 11 18 10 21 21 10
INPUT: -114 91 -68 12 -19 76 -3 0 125 -90 85 -115 229 99 42 47
OUTPUT: 9 20 11 13 13 18 13 13 22 9 20 9 32 20 15 15
INPUT: -34 5 -10 -44 90 -64 -35 -90 95 26 -94 50 89 -67 -89 -126
OUTPUT: 14 17 15 14 23 12 14 11 23 18 11 20 23 12 11 9
INPUT: 67 125 -117 384 -110 24 66 -36 -125 24 126 -62 -79 -96 14 25
OUTPUT: 15 19 8 54 8 12 15 12 8 12 19 8 8 8 12 12
INPUT: 100 78 -65 14 -52 -44 111 47 121 -21 10 -3 266 -67 7 -111
OUTPUT: 20 18 11 13 11 11 20 15 23 13 13 13 38 11 13 8
INPUT: 202 -77 68 -103 102 58 -110 49 34 66 84 56 22 -45 51 117
OUTPUT: 29 10 17 8 19 17 8 15 15 17 19 17 14 12 15 21
INPUT: -16 66 127 -87 -76 10 -5 18 -115 263 21 22 40 56 36 74
OUTPUT: 13 18 23 11 11 13 13 15 8 38 15 15 15 18 15 18
INPUT: 10 27 -102 -58 7 95 46 -105 24 -71 60 84 24 337 -41 -14
OUTPUT: 13 13 7 10 13 18 15 7 13 10 15 15 13 44 10 13
INPUT: 5 -34 -115 -91 -79 -32 114 1 -68 -101 -41 81 -30 354 77 -100
OUTPUT: 15 12 8 8 8 12 23 15 12 8 12 19 12 54 19 8
INPUT: 118 -25 -115 108 98 6 13 -74 82 368 -119 47 115 84 -57 -114
OUTPUT: 23 12 8 19 19 12 15 8 19 54 8 15 19 19 12 8
INPUT: 8 36 -10 -21 -97 -103 -68 86 -91 -70 12 -73 -86 16 -34 394
OUTPUT: 15 15 15 15 11 11 11 20 11 11 15 11 11 15 11 70
INPUT: 126 106 103 84 34 31 36 49 -124 117 22 72 -31 -125 2 2
OUTPUT: 21 20 20 18 15 15 15 15 9 21 14 18 11 9 13 13
INPUT: -64 7 -32 120 -84 -46 83 11 0 37 115 -55 49 -122 -61 -9
OUTPUT: 11 15 12 23 11 12 20 15 14 17 23 12 18 9 11 14
INPUT: 30 46 63 4 375 -27 -117 -102 40 127 -124 15 64 84 12 31
OUTPUT: 15 15 15 12 54 12 8 8 15 23 8 12 15 19 12 15
INPUT: -97 109 -121 86 -108 -78 -127 -14 -42 -86 -13 179 69 101 39 -96
OUTPUT: 10 23 8 21 10 10 8 14 12 10 14 29 19 21 17 10
INPUT: 106 -105 -24 113 115 -23 43 -11 65 -120 -91 29 -68 43 216 99
OUTPUT: 19 8 12 19 19 12 15 12 15 8 8 14 10 15 29 19
INPUT: 70 -59 -1 -77 92 83 103 97 118 -70 111 18 -20 205 -40 -54
OUTPUT: 17 10 14 10 19 17 19 19 21 10 21 14 12 29 12 10
INPUT: -107 -1 99 33 5 314 -9 -74 83 -77 55 67 19 93 -53 98
OUTPUT: 10 13 18 15 13 44 13 10 18 10 15 18 15 18 10 18
INPUT: 42 89 126 -20 80 63 -12 109 -27 17 -101 184 87 -26 -27 -65
OUTPUT: 15 19 20 12 17 15 12 20 12 14 9 26 17 12 12 10
INPUT: 78 101 -110 19 -8 29 -13 -26 -7 188 0 -7 81 63 -41 77
OUTPUT: 19 21 10 15 14 15 14 12 14 29 14 14 19 17 12 19
INPUT: 21 -55 61 -67 44 -63 3 115 -30 96 125 96 -86 433 -120 -27
OUTPUT: 15 11 15 11 15 11 11 20 11 20 20 20 11 70 6 11
INPUT: 48 8 -29 80 54 374 100 -69 -84 37 121 -65 -64 -92 92 -70
OUTPUT: 15 12 12 19 15 54 19 8 8 15 19 8 8 8 19 8
INPUT: -125 14 3 79 -37 -23 -85 62 271 -93 -27 101 -127 -52 14 -42
OUTPUT: 10 15 15 21 13 15 10 21 44 10 15 24 10 13 15 13
INPUT: 332 -82 8 53 19 -104 88 -83 68 -36 72 -75 -80 -1 -120 -70
OUTPUT: 54 12 15 19 15 8 23 12 19 12 19 12 12 15 8 12
INPUT: -107 98 76 95 51 45 6 39 107 -102 -47 272 114 -14 45 87
OUTPUT: 7 18 15 18 13 13 11 13 18 7 9 32 18 11 13 15
INPUT: -87 77 99 151 65 -37 38 4 -62 -93 -98 -102 35 -38 -73 49
OUTPUT: 10 20 22 26 19 12 17 15 10 10 10 9 17 12 10 17
INPUT: 111 -29 86 -109 61 125 89 20 32 -38 204 69 128 -2 -112 25
OUTPUT: 21 12 19 8 17 21 19 14 15 12 29 17 21 14 8 15
INPUT: -65 -44 59 -81 -86 -116 96 50 -118 -121 157 -56 25 -17 108 -54
OUTPUT: 12 14 19 12 12 10 23 19 10 10 29 12 17 15 25 14
INPUT: 117 123 61 -9 -72 80 61 -71 -12 -10 223 47 37 38 -59 -33
OUTPUT: 22 22 18 13 11 20 18 11 13 13 32 18 15 15 11 11
INPUT: 73 -17 -16 -65 -74 22 -68 127 68 -32 -31 -18 81 -46 66 113
OUTPUT: 20 14 14 11 11 15 11 23 18 12 12 14 20 12 18 23
INPUT: 63 -11 -22 6 -47 -101 -22 -96 -23 15 269 -119 31 -11 -123 -64
OUTPUT: 21 15 15 15 13 10 15 10 15 15 44 10 18 15 10 13
INPUT: -73 -58 -25 7 -128 -87 -104 13 -44 12 -71 -122 113 -100 191 -90
OUTPUT: 11 13 13 15 9 11 11 18 13 18 11 9 24 11 32 11
INPUT: 28 125 -105 121 -76 32 -20 -30 110 -90 127 -31 38 120 -113 382
OUTPUT: 15 19 8 19 8 15 12 12 19 8 19 12 15 19 8 54
INPUT: 52 -90 9 44 267 -88 -66 91 -119 53 128 -126 -87 45 -113 23
OUTPUT: 15 8 13 15 38 11 11 20 8 15 23 8 11 15 8 15
INPUT: -35 51 24 -75 16 98 43 -7 -46 -106 135 -125 125 -71 81 -85
OUTPUT: 14 19 17 12 17 22 19 15 12 10 26 9 26 12 22 10
INPUT: -21 -45 76 117 96 -89 71 -90 106 5 112 -88 -125 -65 106 76
OUTPUT: 13 11 18 21 20 10 18 10 21 14 21 10 9 10 21 18
INPUT: 24 -62 11 -46 -55 19 -81 -8 39 -95 110 1 82 39 54 407
OUTPUT: 12 8 12 8 8 12 8 12 12 8 19 12 15 12 15 54
INPUT: 29 -57 -103 27 -111 -66 -112 13 -87 28 74 82 -49 194 16 -7
OUTPUT: 18 13 11 18 9 11 9 15 11 18 20 22 13 32 18 15
INPUT: 123 -103 84 24 -65 63 -106 70 23 -100 92 64 -53 100 67 51
OUTPUT: 21 9 18 14 10 17 9 18 14 9 20 17 11 20 17 17
INPUT: 53 115 -105 -45 -68 -27 255 -7 18 -48 -92 -60 92 26 -31 74
OUTPUT: 18 23 8 11 11 13 38 13 15 11 11 11 20 15 13 18
INPUT: -69 316 53 30 -127 -81 35 -31 109 68 -13 64 122 -10 36 107
OUTPUT: 10 44 15 15 7 10 15 13 21 18 13 15 21 13 15 21
INPUT: 99 -103 38 72 29 -1 30 -89 -73 -59 25 -15 -65 98 142 -14
OUTPUT: 22 10 17 20 17 15 17 10 10 12 17 14 12 22 26 14
INPUT: 59 -13 -124 119 81 57 417 104 -42 28 28 -60 -71 -99 41 72
OUTPUT: 12 8 5 19 15 12 54 15 8 12 12 8 8 8 12 15
INPUT: -47 -75 -12 386 107 96 107 90 119 -9 -116 -107 -28 -62 -84 116
OUTPUT: 8 8 12 54 19 19 19 19 19 12 8 8 12 8 8 19
INPUT: 67 36 45 155 37 -80 112 -51 -63 54 40 -12 34 -87 44 -59
OUTPUT: 19 17 17 26 17 10 22 12 10 17 17 14 15 10 17 10
INPUT: -86 -43 -43 -12 -79 -79 11 -95 48 256 -19 103 -103 -117 57 67
OUTPUT: 11 13 13 13 11 11 15 11 18 38 13 20 8 8 18 18
INPUT: 71 -32 -50 -84 127 -112 84 36 60 54 92 -81 -128 201 -37 -96
OUTPUT: 17 12 12 10 23 8 19 15 17 17 19 10 8 29 12 10
INPUT: -43 -110 -113 107 -48 123 119 -92 55 26 359 -103 -80 -108 27 125
OUTPUT: 12 8 8 19 12 23 23 8 15 15 54 8 8 8 15 23
INPUT: 124 46 -118 94 -35 -127 2 112 -62 -2 118 -113 -107 58 93 -91
OUTPUT: 23 17 9 22 12 9 14 23 11 14 23 9 9 18 22 9
INPUT: -78 23 14 51 38 -29 14 -104 -88 111 67 108 107 38 110 -21
OUTPUT: 10 15 14 17 17 13 14 9 10 21 18 21 21 17 21 13
INPUT: 64 -104 -38 52 74 23 -91 63 -37 -125 -56 -43 -58 80 67 50
OUTPUT: 20 10 14 20 21 17 11 20 14 10 13 13 13 21 21 20
INPUT: 79 45 -78 38 -4 -16 -99 5 -102 -86 -94 116 -55 -37 -46 465
OUTPUT: 15 15 6 15 11 11 6 11 6 6 6 20 11 11 11 70
INPUT: -51 -99 14 -40 77 97 -7 121 14 80 -3 -118 78 -102 -49 17
OUTPUT: 12 9 15 12 20 22 14 23 15 20 14 9 20 9 12 15
INPUT: -108 50 155 -6 -41 -70 -80 67 116 -92 118 24 36 54 52 82
OUTPUT: 9 17 26 14 12 10 10 19 22 10 22 15 17 17 17 20
INPUT: -45 -101 42 -119 -57 -104 -79 288 33 -20 -105 -17 -38 56 20 -2
OUTPUT: 13 10 18 10 13 10 10 44 15 13 10 13 13 18 15 15
INPUT: 119 66 -1 -5 -121 113 -46 -62 128 56 -116 -112 146 26 -110 111
OUTPUT: 22 17 14 12 8 22 11 11 22 17 8 8 23 14 8 22
INPUT: 30 -53 -112 61 -102 -106 -48 -125 -17 53 77 27 89 -24 274 2
OUTPUT: 18 13 10 18 10 10 13 10 15 18 21 18 21 15 44 15
INPUT: 114 -58 -121 -66 -34 -38 6 98 -53 5 -41 82 -88 177 1 44
OUTPUT: 23 12 10 12 14 12 15 21 12 15 12 21 10 29 15 17
INPUT: 70 -27 -120 -98 -118 -44 -1 -37 16 -5 46 43 162 -39 22 25
OUTPUT: 21 14 10 10 10 14 15 14 17 15 19 19 29 14 17 17
INPUT: -43 50 402 -93 -15 101 -119 91 -86 2 -19 -125 106 -12 116 -55
OUTPUT: 8 15 54 8 12 15 8 15 8 12 12 8 19 12 19 8
INPUT: 15 -76 47 13 114 -16 -59 -93 51 121 -121 62 109 185 -100 49
OUTPUT: 15 10 17 15 23 14 12 10 17 23 8 17 21 29 10 17
INPUT: -110 86 6 104 97 80 333 -64 2 -102 41 -94 3 -114 -51 -69
OUTPUT: 7 18 13 18 18 15 44 10 13 7 15 10 13 7 10 10
INPUT: -113 90 92 -40 41 -25 -89 7 -106 244 109 82 16 15 124 -65
OUTPUT: 7 18 18 11 15 11 9 13 9 32 20 18 13 13 20 9
INPUT: 16 -44 -45 -126 25 -60 -80 -118 -35 97 -42 46 66 84 82 49
OUTPUT: 15 13 13 9 17 11 11 9 13 21 13 18 20 21 21 18
INPUT: -119 126 72 112 103 -123 75 -13 450 -126 -54 64 75 31 -51 -49
OUTPUT: 6 20 15 20 20 6 15 11 70 6 11 15 15 15 11 11
INPUT: -16 -14 13 296 13 -17 84 105 111 16 -15 53 87 16 51 64
OUTPUT: 11 11 13 38 13 11 15 18 18 13 11 15 18 13 15 15
INPUT: -75 0 23 -127 91 28 -95 81 56 66 284 91 -22 18 -128 37
OUTPUT: 8 13 13 8 18 13 8 18 15 15 38 18 11 13 8 15
INPUT: 17 -1 79 46 -57 118 53 125 121 263 65 28 -84 11 68 5
OUTPUT: 13 11 15 13 9 20 15 20 20 32 15 13 9 11 15 11
INPUT: -30 2 -17 -100 -89 86 -4 -116 -124 -7 -86 53 76 136 24 -88
OUTPUT: 14 15 14 10 10 22 15 9 9 15 10 19 20 26 17 10
INPUT: 100 11 99 -70 -44 -7 -5 127 -99 90 93 14 -40 5 -53 442
OUTPUT: 20 11 20 11 11 11 11 20 6 20 20 11 11 11 11 70
INPUT: 31 4 54 1 104 -81 121 290 92 -4 86 -49 67 -92 -49 -14
OUTPUT: 13 13 15 13 18 8 20 38 18 13 18 11 15 8 11 11
INPUT: 305 82 -62 63 -109 68 75 -25 57 106 77 -28 -4 72 -53 78
OUTPUT: 38 15 8 15 8 15 15 11 15 18 15 11 11 15 8 15
INPUT: -106 -117 127 95 98 301 -16 -55 -95 0 -72 112 -127 -91 -65 -77
OUTPUT: 10 10 24 21 21 44 13 10 10 13 10 21 7 10 10 10
INPUT: 40 -44 29 100 26 50 -34 -87 -46 119 31 -57 288 86 43 16
OUTPUT: 15 11 13 18 13 15 11 8 11 20 13 11 38 18 15 13
INPUT: 37 -79 -101 119 25 -22 23 -112 82 -73 78 9 -57 -120 222 -83
OUTPUT: 15 9 9 22 15 13 15 9 20 11 20 13 11 9 32 9
INPUT: 66 -38 -28 -65 92 -52 -74 -49 -76 -47 -107 -87 -21 97 243 -74
OUTPUT: 20 13 13 11 20 13 11 13 11 13 11 11 13 23 38 11
INPUT: 46 -66 -21 -74 -95 -31 19 -36 28 -52 -39 74 97 -46 160 -57
OUTPUT: 19 12 14 12 10 14 17 14 17 12 14 21 23 14 29 12
INPUT: 61 -84 -19 -3 59 -104 -39 116 29 -30 -118 26 -104 11 64 -20
OUTPUT: 20 11 14 15 18 9 12 23 17 14 9 17 9 15 20 14
INPUT: -122 -18 98 -66 365 47 -112 -89 -43 44 -16 60 94 66 126 65
OUTPUT: 8 12 19 8 54 15 8 8 12 15 12 15 19 19 23 15
INPUT: 85 59 77 386 -6 35 4 90 -18 82 77 118 -64 54 66 112
OUTPUT: 13 13 13 44 10 13 10 15 10 13 13 15 7 13 13 15
INPUT: 20 -85 122 -63 58 76 -15 -74 -80 91 3 -105 56 -64 276 -49
OUTPUT: 13 8 20 11 15 18 13 11 8 18 13 8 15 11 38 11
INPUT: -106 3 -13 64 -9 -40 -61 -57 110 -86 125 -44 -105 150 -113 74
OUTPUT: 9 15 14 19 14 12 12 12 22 10 24 12 9 26 9 19
INPUT: 41 33 113 118 46 81 75 -2 315 -108 66 118 -106 86 111 -70
OUTPUT: 13 13 18 18 13 15 15 11 38 8 15 18 8 15 18 8
INPUT: 110 118 -95 -39 259 -71 -45 -122 -89 16 39 38 71 -22 -58 -124
OUTPUT: 20 23 11 13 38 11 11 8 11 15 15 15 18 13 11 8
INPUT: -82 -123 -88 386 33 112 76 17 -93 16 -112 -18 -28 -18 -56 48
OUTPUT: 8 8 8 54 15 19 15 12 8 12 8 12 12 12 8 15
INPUT: 69 33 10 -120 57 12 -59 -44 112 32 -6 169 -22 -8 -54 -15
OUTPUT: 19 17 15 10 19 15 12 12 23 17 15 29 14 15 12 14
INPUT: 76 -56 47 37 39 28 118 2 59 53 215 -55 -19 -57 -34 -28
OUTPUT: 20 11 18 18 18 15 22 13 18 18 32 11 13 11 13 13
INPUT: -72 78 -16 53 -107 -8 -121 45 -40 115 -45 16 -62 187 -8 -33
OUTPUT: 10 19 14 17 10 14 8 17 12 23 12 15 12 29 14 12
INPUT: -97 128 -22 66 116 -123 -21 56 106 54 -9 121 -118 125 89 110
OUTPUT: 9 21 11 17 21 9 11 17 20 17 13 21 9 21 18 20
INPUT: -92 395 4 6 109 31 -48 -26 -94 -79 -91 79 52 8 -32 43
OUTPUT: 8 54 12 12 19 12 8 12 8 8 8 15 15 12 12 15
INPUT: 12 82 3 -7 94 -29 -27 -50 5 11 41 -18 -72 275 -39 108
OUTPUT: 13 18 13 13 18 11 11 11 13 13 15 13 11 38 11 20
INPUT: 15 9 84 -92 105 8 22 3 -119 -1 -61 -40 38 -1 73 -109
OUTPUT: 17 15 22 11 23 15 17 15 9 15 12 14 18 15 22 9
INPUT: 28 -82 327 -74 -105 96 -52 -19 118 114 55 -110 24 125 114 -101
OUTPUT: 15 10 44 10 7 18 10 13 21 18 15 7 13 21 18 7
INPUT: -47 -95 50 -58 -40 -105 -1 -88 -17 -91 116 -91 6 -78 55 -76
OUTPUT: 14 12 20 14 14 10 17 12 15 12 26 12 17 12 20 12
INPUT: 187 39 -106 -15 21 -68 -33 -110 -72 -9 126 127 123 -20 -107 -45
OUTPUT: 29 15 10 14 15 10 12 10 10 14 23 23 23 14 10 12
INPUT: -124 -104 -12 -41 -82 55 -37 90 -66 10 -81 -1 -89 -87 29 306
OUTPUT: 7 10 13 13 10 18 13 18 10 15 10 13 10 10 15 44
INPUT: -117 17 372 -64 -12 -106 57 -71 -78 -47 103 76 114 39 42 -5
OUTPUT: 8 15 54 8 12 8 15 8 8 12 19 19 19 15 15 12
INPUT: 3 -37 36 12 -96 -27 -48 89 -31 82 181 65 -93 109 -5 -61
OUTPUT: 15 12 17 15 10 14 12 21 12 19 29 19 10 23 14 12
INPUT: -34 56 115 202 12 -13 84 90 -53 116 -27 77 120 52 -87 22
OUTPUT: 10 15 19 26 12 10 17 17 9 19 10 15 19 14 9 12
INPUT: 74 -56 50 105 -82 287 38 -21 -83 -121 -24 38 19 -88 -13 -33
OUTPUT: 18 13 18 21 10 44 18 13 10 10 13 18 15 10 13 13
INPUT: -49 10 108 10 390 -109 -82 -102 68 86 -80 -72 -45 23 31 48
OUTPUT: 8 12 19 12 54 8 8 8 15 15 8 8 8 12 12 15
INPUT: -52 41 15 -50 104 -104 54 58 106 5 -46 84 69 350 69 -59
OUTPUT: 10 13 13 10 18 7 15 15 18 13 10 15 15 44 15 10
INPUT: -47 -4 115 76 99 -29 127 -89 5 253 76 105 59 32 -19 3
OUTPUT: 9 11 20 18 18 11 20 9 13 32 18 18 15 13 11 13
INPUT: -123 1 91 54 76 -28 7 121 -30 -7 -63 -120 49 -17 -22 -64
OUTPUT: 9 14 22 18 20 12 15 23 12 14 11 9 18 14 14 11
INPUT: -7 21 -126 104 -110 -13 -75 6 189 92 -27 36 -64 -123 -25 9
OUTPUT: 15 18 9 24 11 15 11 15 32 22 13 18 11 9 13 15
INPUT: 118 53 127 -52 74 14 29 124 39 102 220 -95 51 -4 107 79
OUTPUT: 19 15 21 10 17 14 14 19 14 19 29 8 15 12 19 17
INPUT: -220 891 -215 115 27 172 -113 10 -196 197 -166 -204 -151 157 -202 59
OUTPUT: 5 164 5 5 5 5 5 5 5 15 5 5 5 5 5 5
INPUT: 129 -159 -224 -26 531 102 -73 -26 -198 35 -161 92 -220 244 94 -163
OUTPUT: 22 9 3 9 98 15 9 9 3 15 9 15 3 35 15 9
INPUT: 670 -144 191 53 -166 29 -125 244 -239 119 140 -222 -168 -59 188 19
OUTPUT: 98 3 15 9 3 9 3 22 3 9 15 3 3 3 15 9
INPUT: 145 168 -12 5 112 -121 181 -245 -156 154 -82 -179 -160 766 177 -220
OUTPUT: 15 15 5 5 15 5 15 5 5 15 5 5 5 164 15 5
INPUT: 854 -113 235 198 -111 162 95 6 -39 162 150 132 255 -11 157 186
OUTPUT: 164 5 15 15 5 15 5 5 5 15 15 5 15 5 15 15
INPUT: -234 -49 183 -108 653 -252 -74 59 -190 203 -176 210 -145 253 54 -213
OUTPUT: 3 9 15 3 98 3 3 9 3 15 3 15 3 22 9 3
INPUT: 46 992 -50 -28 46 17 96 -14 109 255 -77 -250 -192 27 -80 225
OUTPUT: 5 164 5 5 5 5 5 5 5 5 5 5 5 5 5 5
INPUT: 10 153 -124 164 -254 953 223 147 181 -53 166 26 61 -226 -153 26
OUTPUT: 5 5 5 5 5 164 5 5 5 5 5 5 5 5 5 5
INPUT: 1060 215 -204 225 -221 -13 174 -220 -247 -243 6 160 -191 -192 35 -136
OUTPUT: 164 5 5 5 5 5 5 5 5 5 5 5 5 5 5 5
INPUT: 230 136 193 10 170 -162 -221 80 -229 201 98 232 754 -7 124 -132
OUTPUT: 15 9 9 3 9 3 3 9 3 9 9 15 98 3 9 3
INPUT: 245 125 -196 -13 45 -181 -35 -111 330 6 -171 46 -169 114 -156 203
OUTPUT: 33 21 7 13 15 7 10 7 44 13 7 15 7 18 7 27
INPUT: 11 -92 -141 -15 175 213 -101 -177 113 941 -153 133 10 79 -72 -31
OUTPUT: 5 5 5 5 5 5 5 5 5 164 5 5 5 5 5 5
INPUT: -176 142 796 126 -246 -116 -16 49 215 -64 192 -172 -66 -229 124 -179
OUTPUT: 5 15 164 15 5 5 5 5 15 5 15 5 5 5 15 5
INPUT: 141 18 -249 -255 5 -100 -164 58 -139 47 -62 -160 752 -135 -241 -98
OUTPUT: 15 5 5 5 5 5 5 15 5 15 5 5 164 5 5 5
INPUT: -66 39 34 168 -135 -104 -101 -235 -95 193 211 -200 -21 -61 517 28
OUTPUT: 6 11 11 20 6 6 6 2 6 20 20 2 6 6 70 11
INPUT: 175 243 79 82 14 -85 -180 43 -233 1015 -40 -44 -88 240 -166 -179
OUTPUT: 5 5 5 5 5 5 5 5 5 164 5 5 5 5 5 5
INPUT: 252 -135 1162 -113 76 -235 -2 79 19 -134 168 241 -21 70 149 -132
OUTPUT: 5 5 164 5 5 5 5 5 5 5 5 5 5 5 5 5
INPUT: -113 141 -199 -108 17 13 179 254 -201 -117 756 -11 -3 182 139 -246
OUTPUT: 5 15 5 5 5 5 15 26 5 5 164 5 5 15 15 5
INPUT: -20 -189 -52 -45 -160 131 -91 683 8 193 -194 -197 -102 -35 -103 135
OUTPUT: 15 5 5 5 5 15 5 164 15 26 5 5 5 5 5 15
INPUT: 743 -44 140 179 119 30 115 93 -136 26 139 -94 79 -9 2 -210
OUTPUT: 164 5 15 15 15 5 15 15 5 5 15 5 15 5 5 5
INPUT: -184 -69 -231 -241 251 -3 -74 -115 246 -127 756 -111 -220 94 -255 90
OUTPUT: 5 5 5 5 26 5 5 5 26 5 164 5 5 15 5 15
INPUT: 126 733 115 -243 104 251 -132 -116 161 -174 82 131 -237 28 39 -101
OUTPUT: 15 164 15 5 15 26 5 5 15 5 15 15 5 15 15 5
INPUT: -70 179 -158 165 -216 -6 -217 91 149 179 246 88 138 3 1176 74
OUTPUT: 5 5 5 5 5 5 5 5 5 5 5 5 5 5 164 5
INPUT: -135 -2 118 -152 -148 245 -33 -163 -86 -53 63 217 249 78 102 532
OUTPUT: 6 6 15 6 6 25 6 6 6 6 11 20 25 11 11 70
INPUT: -202 242 186 -101 90 -17 -91 -109 -186 25 -27 6 -146 793 71 205
OUTPUT: 5 15 15 5 15 5 5 5 5 5 5 5 5 164 5 15
INPUT: 63 933 -87 -156 -120 -116 -27 -89 -117 76 -229 -82 97 -166 -143 -153
OUTPUT: 5 164 5 5 5 5 5 5 5 5 5 5 5 5 5 5
INPUT: 356 -116 253 214 -146 -97 -19 176 155 -191 -192 -43 189 196 -201 38
OUTPUT: 44 7 30 27 7 7 10 21 21 4 4 10 24 24 4 13
INPUT: 675 213 -23 -213 41 -47 159 -82 192 -116 -175 -99 -238 -112 82 -183
OUTPUT: 98 15 9 3 9 3 15 3 15 3 3 3 3 3 9 3
INPUT: -216 909 227 -232 133 121 254 -78 -110 -24 183 117 -15 -131 116 182
OUTPUT: 5 164 15 5 5 5 15 5 5 5 5 5 5 5 5 5
INPUT: 86 -51 -11 13 141 244 -28 745 -65 -187 -104 -212 -37 -170 -79 150
OUTPUT: 15 5 5 5 15 26 5 164 5 5 5 5 5 5 5 15
INPUT: 205 34 -157 642 46 3 -180 -27 22 -119 58 -220 -84 156 -123 54
OUTPUT: 15 9 3 98 9 9 3 9 9 3 9 3 3 15 3 9
INPUT: -94 213 -80 -135 210 126 93 -231 639 71 -149 -140 143 -110 -219 -237
OUTPUT: 3 22 3 3 15 15 9 3 98 9 3 3 15 3 3 3
INPUT: 189 -199 -155 15 -70 -9 217 759 -43 251 -223 221 1 2 216 4
OUTPUT: 15 5 5 5 5 5 15 164 5 26 5 15 5 5 15 5
INPUT: -116 81 36 -146 107 74 -53 -254 -27 -253 764 -36 -214 -115 80 -98
OUTPUT: 5 15 5 5 15 15 5 5 5 5 164 5 5 5 15 5
INPUT: 44 239 188 -93 128 -186 94 -5 -247 -116 233 -94 -163 -160 -11 1076
OUTPUT: 5 5 5 5 5 5 5 5 5 5 5 5 5 5 5 164
INPUT: -32 -149 -232 749 161 118 -47 48 -33 40 9 93 4 226 -37 -248
OUTPUT: 5 5 5 164 15 15 5 15 5 15 5 15 5 26 5 5
INPUT: 21 27 110 567 84 104 -45 -50 -164 -44 147 209 48 -103 93 123
OUTPUT: 6 6 11 70 11 11 6 6 2 6 15 15 11 6 11 11
INPUT: 167 -218 -250 -193 -176 1118 -38 -115 -36 -54 -102 -185 80 -186 141 -153
OUTPUT: 5 5 5 5 5 164 5 5 5 5 5 5 5 5 5 5
INPUT: -192 -212 230 -19 67 -244 -113 3 198 -117 141 920 -197 -106 -134 -29
OUTPUT: 5 5 15 5 5 5 5 5 5 5 5 164 5 5 5 5
INPUT: -34 -131 100 43 10 28 -142 92 -58 -70 -179 50 53 786 184 177
OUTPUT: 5 5 15 5 5 5 5 15 5 5 5 5 5 164 15 15
INPUT: -54 1131 -141 -112 -30 -118 98 -10 -143 3 199 150 -1 -108 -164 194
OUTPUT: 5 164 5 5 5 5 5 5 5 5 5 5 5 5 5 5
INPUT: 37 194 -194 93 -145 -194 -18 -58 226 -90 814 127 86 215 -47 -56
OUTPUT: 5 15 5 5 5 5 5 5 15 5 164 15 5 15 5 5
INPUT: 194 -13 527 -145 -8 111 -109 132 66 147 -128 67 -177 -70 115 67
OUTPUT: 20 6 70 6 6 15 6 15 11 15 6 11 6 6 15 11
INPUT: 183 -229 49 248 16 154 685 145 80 98 -139 124 -134 246 -139 -135
OUTPUT: 15 3 9 15 9 15 98 9 9 9 3 9 3 15 3 3
INPUT: -71 110 -175 -175 -7 -131 -135 -251 -66 -93 -240 62 65 590 -94 191
OUTPUT: 9 15 3 3 9 3 3 3 9 9 3 15 15 98 9 22
INPUT: -45 -18 -149 160 212 1083 -141 -97 -174 -99 -86 68 -159 215 -203 -252
OUTPUT: 5 5 5 5 5 164 5 5 5 5 5 5 5 5 5 5
INPUT: -74 49 -142 -170 -15 -75 59 -144 83 137 -171 -234 -31 859 77 103
OUTPUT: 5 5 5 5 5 5 5 5 5 5 5 5 5 164 5 5
INPUT: -136 16 -151 116 -155 -107 3 -7 52 -32 215 174 871 66 69 56
OUTPUT: 5 5 5 5 5 5 5 5 5 5 15 15 164 5 5 5
INPUT: 47 -243 -252 180 -232 13 697 -155 203 -159 197 135 -133 -179 -94 -52
OUTPUT: 15 5 5 26 5 15 164 5 26 5 26 15 5 5 5 5
INPUT: 255 -138 169 -175 246 -141 -40 30 -194 162 -115 692 25 53 -228 -170
OUTPUT: 15 3 15 3 15 3 3 9 3 15 3 98 9 9 3 3
INPUT: -182 216 886 63 -73 -115 2 -105 -80 -24 3 248 -142 -6 -179 -77
OUTPUT: 5 15 164 5 5 5 5 5 5 5 5 15 5 5 5 5
INPUT: 675 42 -43 -230 222 -44 145 -43 224 -107 -45 133 -80 -69 253 28
OUTPUT: 98 9 3 3 15 3 15 3 15 3 3 9 3 3 22 9
INPUT: 168 185 32 -105 -244 59 167 -25 -172 -109 5 744 -168 57 130 223
OUTPUT: 15 15 5 5 5 15 15 5 5 5 5 164 5 15 15 26
INPUT: 218 52 137 -228 3 63 -99 -35 28 27 -235 -31 -147 213 868 -103
OUTPUT: 15 5 5 5 5 5 5 5 5 5 5 5 5 15 164 5
INPUT: -11 192 654 -228 -236 -140 175 62 32 -93 220 -86 171 203 -9 202
OUTPUT: 9 15 98 3 3 3 15 9 9 3 15 3 15 15 9 15
INPUT: 81 -211 -13 -145 -224 -254 -90 46 871 -101 251 225 -192 -43 76 120
OUTPUT: 5 5 5 5 5 5 5 5 164 5 15 15 5 5 5 5
INPUT: -192 -86 111 64 173 308 -167 -231 -158 -254 2 14 81 -59 -254 89
OUTPUT: 7 10 21 18 27 44 7 4 7 4 13 15 18 10 4 18
INPUT: 187 -244 16 202 37 56 93 -193 90 195 243 570 -80 130 22 -124
OUTPUT: 15 2 6 15 6 11 11 2 11 15 20 70 6 11 6 6
INPUT: -21 -169 329 -229 220 -219 -219 -25 -131 237 210 -49 -26 -64 -237 -106
OUTPUT: 13 7 44 4 30 4 4 13 7 33 30 10 13 10 4 7
INPUT: -204 31 -205 -203 -10 -30 -186 -254 -157 -135 154 780 -48 -49 109 65
OUTPUT: 5 5 5 5 5 5 5 5 5 5 15 164 5 5 15 5
INPUT: -32 33 712 -106 -99 -122 -20 78 5 -153 -203 165 -11 -224 -124 156
OUTPUT: 5 15 164 5 5 5 5 15 15 5 5 15 5 5 5 15
INPUT: 192 52 -39 -38 -157 77 44 -177 197 -67 704 -88 189 213 -5 234
OUTPUT: 15 9 3 3 3 9 9 3 15 3 98 3 15 15 9 15
INPUT: 184 -60 131 40 112 -165 118 234 -101 249 -62 -154 -199 146 852 -99
OUTPUT: 15 5 5 5 5 5 5 15 5 15 5 5 5 15 164 5
INPUT: 577 -26 186 86 134 43 252 -132 -122 -209 28 58 116 -84 -250 68
OUTPUT: 98 9 22 15 15 9 28 9 9 3 9 15 15 9 3 15
INPUT: -162 -112 -38 -128 -78 71 -79 -53 -236 214 -48 -88 -212 69 186 351
OUTPUT: 8 8 12 8 8 19 8 12 5 33 12 8 5 19 30 54
INPUT: -181 52 216 -32 -80 136 124 -130 -174 -73 141 1057 85 169 -114 -82
OUTPUT: 5 5 5 5 5 5 5 5 5 5 5 164 5 5 5 5
INPUT: 974 -103 -220 114 127 85 -152 212 130 81 77 207 219 49 -43 -70
OUTPUT: 164 5 5 5 5 5 5 5 5 5 5 5 5 5 5 5
INPUT: 74 -216 -183 205 1078 231 -37 145 168 -94 -182 254 -241 50 77 93
OUTPUT: 5 5 5 5 164 5 5 5 5 5 5 5 5 5 5 5
INPUT: -145 168 -144 101 879 -159 -134 143 -212 -158 -23 220 32 -58 245 -19
OUTPUT: 5 15 5 5 164 5 5 5 5 5 5 15 5 5 15 5
INPUT: -45 585 -89 96 -235 93 -153 -59 -181 27 117 -74 -172 -140 163 -119
OUTPUT: 9 98 9 15 3 15 3 9 3 9 15 9 3 3 22 9
INPUT: -159 116 -16 -240 235 -180 -75 -59 -5 146 -253 221 894 231 163 219
OUTPUT: 5 5 5 5 15 5 5 5 5 5 5 15 164 15 5 15
INPUT: -73 -29 81 655 119 -209 169 -151 227 -176 -190 160 163 122 236 -117
OUTPUT: 3 9 9 98 9 3 15 3 15 3 3 15 15 9 22 3
INPUT: 19 -28 -253 38 127 -167 221 16 -165 75 -158 -223 95 341 -202 123
OUTPUT: 13 10 4 13 18 7 27 13 7 15 7 4 18 44 4 18
INPUT: 159 843 -184 9 -207 68 -224 228 -150 94 -190 -149 -25 37 255 -243
OUTPUT: 15 164 5 5 5 5 5 15 5 5 5 5 5 5 15 5
INPUT: 574 197 211 195 -183 -45 126 -96 84 -135 -90 185 -128 238 -99 -244
OUTPUT: 70 15 15 15 2 6 11 6 11 6 6 15 6 20 6 2
INPUT: -168 3 -198 65 192 -70 -170 -51 146 658 -204 19 -16 -89 -200 246
OUTPUT: 3 9 3 9 15 3 3 9 15 98 3 9 9 3 3 22
INPUT: -181 36 913 -128 -36 89 -112 213 -99 -155 233 159 -80 175 10 -78
OUTPUT: 5 5 164 5 5 5 5 15 5 5 15 5 5 5 5 5
INPUT: 129 -103 55 -67 -255 236 25 50 51 26 -107 241 62 88 -23 583
OUTPUT: 15 9 15 9 3 28 9 9 9 9 9 28 15 15 9 98
INPUT: -166 1045 194 -101 -86 87 -180 220 -70 -204 -167 222 -129 83 -176 -157
OUTPUT: 5 164 5 5 5 5 5 5 5 5 5 5 5 5 5 5
INPUT: -180 -246 1 849 -89 -190 247 90 180 129 102 -59 -90 111 111 231
OUTPUT: 5 5 5 164 5 5 15 5 15 5 5 5 5 5 5 15
INPUT: -5 58 -38 149 43 -251 36 68 213 748 38 -13 16 -222 203 210
OUTPUT: 3 9 3 9 9 3 3 9 9 98 9 3 3 3 9 9
INPUT: 29 -227 50 -36 948 -232 108 -109 78 65 -140 -30 172 54 -221 -29
OUTPUT: 5 5 5 5 164 5 5 5 5 5 5 5 5 5 5 5
INPUT: 59 -251 55 120 938 -226 -101 -40 -164 -41 -220 -198 86 -122 108 -231
OUTPUT: 5 5 5 5 164 5 5 5 5 5 5 5 5 5 5 5
INPUT: -56 152 145 -64 63 -139 41 -214 -33 -162 196 893 46 -71 -108 -152
OUTPUT: 5 5 5 5 5 5 5 5 5 5 15 164 5 5 5 5
INPUT: -188 126 -42 -248 15 -189 -149 100 -124 201 80 170 59 189 705 25
OUTPUT: 3 9 3 3 9 3 3 9 3 15 9 9 9 15 98 9
INPUT: 207 614 40 130 -67 188 -65 -167 43 -41 -248 -220 -156 138 201 23
OUTPUT: 22 98 9 15 9 22 9 3 9 9 3 3 3 15 22 9
INPUT: 182 955 -107 -193 205 181 -228 166 -206 -224 132 19 -44 207 174 -226
OUTPUT: 5 164 5 5 5 5 5 5 5 5 5 5 5 5 5 5
INPUT: 139 26 247 95 -203 -154 167 254 -206 -205 135 -223 456 199 154 195
OUTPUT: 15 8 26 12 5 5 19 26 5 5 15 5 54 19 15 19
INPUT: 208 -103 -115 198 93 203 -176 232 58 86 1072 -61 112 72 147 203
OUTPUT: 5 5 5 5 5 5 5 5 5 5 164 5 5 5 5 5
INPUT: -221 -162 232 1133 239 -237 -60 133 129 -212 56 -183 -3 -133 -229 -215
OUTPUT: 5 5 5 164 5 5 5 5 5 5 5 5 5 5 5 5
INPUT: 221 -15 -44 -72 60 -76 126 154 192 -132 14 -142 -237 106 582 115
OUTPUT: 22 9 9 9 15 9 15 15 22 3 9 3 3 15 98 15
INPUT: 254 253 -18 187 -131 122 194 161 160 -19 1140 98 -188 -198 139 64
OUTPUT: 5 5 5 5 5 5 5 5 5 5 164 5 5 5 5 5
INPUT: 82 -53 -44 54 133 33 4 116 885 169 -224 131 7 -218 92 111
OUTPUT: 5 5 5 5 5 5 5 5 164 5 5 5 5 5 5 5
INPUT: 150 -102 -153 -76 -46 100 177 113 -167 -68 -175 96 -129 13 832 88
OUTPUT: 15 5 5 5 5 5 15 5 5 5 5 5 5 5 164 5
INPUT: 79 25 -207 191 921 -14 -154 -63 -86 -117 35 -19 199 226 -144 -205
OUTPUT: 5 5 5 5 164 5 5 5 5 5 5 5 5 15 5 5
INPUT: 253 186 -244 -127 -234 1043 42 7 28 -127 52 -240 75 120 89 -86
OUTPUT: 5 5 5 5 5 164 5 5 5 5 5 5 5 5 5 5
INPUT: -190 -156 70 -108 -195 -177 -171 -11 55 -166 109 -112 -96 623 146 235
OUTPUT: 3 3 9 3 3 3 3 9 9 3 15 3 3 98 15 22
INPUT: -234 -123 -175 175 -213 239 45 9 761 -242 142 -196 174 15 -225 171
OUTPUT: 5 5 5 15 5 26 5 5 164 5 15 5 15 5 5 15
INPUT: 814 -18 195 69 63 -106 -188 236 -202 15 -116 -121 48 153 142 189
OUTPUT: 164 5 15 5 5 5 5 15 5 5 5 5 5 15 15 15
INPUT: 696 -251 126 -101 31 -169 164 162 193 -232 252 -129 -98 -128 -119 27
OUTPUT: 98 3 9 3 9 3 9 9 15 3 15 3 3 3 3 9
INPUT: 80 172 99 781 -180 162 -237 -121 -227 86 -67 78 -78 -23 -22 -233
OUTPUT: 15 15 15 164 5 15 5 5 5 15 5 15 5 5 5 5
INPUT: 72 24 -217 86 -98 -249 610 -1 -97 100 -133 140 -109 62 153 -59
OUTPUT: 9 9 3 15 9 3 98 9 9 15 3 15 3 9 15 9
INPUT: 1013 240 -143 131 -79 -174 85 0 20 168 -84 86 -69 -234 -62 230
OUTPUT: 164 5 5 5 5 5 5 5 5 5 5 5 5 5 5 5
INPUT: -201 96 237 209 37 -63 41 162 185 1113 -23 -195 35 -176 -225 -1
OUTPUT: 5 5 5 5 5 5 5 5 5 164 5 5 5 5 5 5
INPUT: 145 183 133 104 -251 65 -194 -226 -176 166 1066 230 245 201 -188 194
OUTPUT: 5 5 5 5 5 5 5 5 5 5 164 5 5 5 5 5
INPUT: 190 -178 -196 217 -167 -67 -23 -192 -245 253 193 211 801 -143 -38 -24
OUTPUT: 15 5 5 15 5 5 5 5 5 15 15 15 164 5 5 5
INPUT: 1220 15 -57 -55 -207 -120 1 -35 23 179 -141 -242 -236 -187 36 158
OUTPUT: 164 5 5 5 5 5 5 5 5 5 5 5 5 5 5 5
INPUT: 69 -50 -177 -50 -86 189 -7 -140 -108 -186 214 465 -249 -162 159 12
OUTPUT: 15 11 6 11 6 25 11 6 6 6 29 70 2 6 20 11
INPUT: -221 182 -158 -239 37 -213 -207 154 -4 -132 932 117 -222 -196 60 55
OUTPUT: 5 5 5 5 5 5 5 5 5 5 164 5 5 5 5 5
INPUT: -64 -223 19 71 -185 27 -155 177 817 -36 239 246 -190 -68 51 -213
OUTPUT: 5 5 5 5 5 5 5 15 164 5 15 15 5 5 5 5
INPUT: 231 -45 134 -58 -189 186 316 -227 -69 96 -81 -222 -93 -131 -253 18
OUTPUT: 33 10 21 10 7 27 44 4 10 18 10 4 10 7 4 15
INPUT: -109 72 115 -121 -87 -130 913 -158 -162 -28 -159 -176 -207 72 57 77
OUTPUT: 5 5 5 5 5 5 164 5 5 5 5 5 5 5 5 5
INPUT: 214 119 156 113 -72 -111 -40 -206 -25 -234 -254 221 1065 32 -81 36
OUTPUT: 5 5 5 5 5 5 5 5 5 5 5 5 164 5 5 5
INPUT: 78 52 -20 -79 102 246 -39 -55 -37 -38 251 106 -72 -66 -35 690
OUTPUT: 9 9 9 3 9 15 3 3 3 3 15 9 3 3 3 98
INPUT: 82 -154 117 112 -122 63 57 174 832 -156 -7 -233 -43 148 -180 -21
OUTPUT: 5 5 5 5 5 5 5 15 164 5 5 5 5 15 5 5
INPUT: 3 -1 30 -161 -181 91 -53 -108 -240 177 629 128 -60 51 -129 -176
OUTPUT: 9 9 9 3 3 9 9 3 3 15 98 15 9 9 3 3
INPUT: -156 -33 -28 -145 33 -181 5 -198 685 -96 -24 -34 209 -5 163 -140
OUTPUT: 5 5 5 5 15 5 15 5 164 5 15 5 26 15 26 5
INPUT: -218 -41 818 173 34 72 -165 -237 149 -170 -209 224 237 60 -62 171
OUTPUT: 5 5 164 15 5 5 5 5 15 5 5 15 15 5 5 15
INPUT: -73 211 215 604 -199 -9 -130 197 -185 -228 105 -24 173 -218 154 -237
OUTPUT: 9 22 22 98 3 9 3 22 3 3 15 9 15 3 15 3
INPUT: -20 -143 48 -243 -238 116 -148 80 128 -226 138 -119 951 -212 173 31
OUTPUT: 5 5 5 5 5 5 5 5 5 5 5 5 164 5 5 5
INPUT: -85 200 112 219 209 251 -189 152 1038 74 -113 238 -151 0 11 -173
OUTPUT: 5 5 5 5 5 5 5 5 164 5 5 5 5 5 5 5
INPUT: -211 99 178 878 107 -176 177 231 -178 98 3 16 106 -6 51 -138
OUTPUT: 5 5 15 164 5 5 15 15 5 5 5 5 5 5 5 5
INPUT: -200 50 -162 177 40 -50 749 -32 234 5 -16 126 -62 -37 -83 -179
OUTPUT: 5 15 5 15 15 5 164 5 26 5 5 15 5 5 5 5
INPUT: 191 208 195 -25 -111 1065 233 116 -3 97 140 215 135 -34 -116 0
OUTPUT: 5 5 5 5 5 164 5 5 5 5 5 5 5 5 5 5
INPUT: 4 -14 -78 71 10 468 189 -72 -35 -151 27 103 195 -230 242 104
OUTPUT: 11 11 6 15 11 70 25 6 11 6 11 15 25 6 29 15
INPUT: -204 -180 -32 -181 -138 -75 -33 -87 850 -212 -31 -185 -223 -6 -204 -221
OUTPUT: 5 5 5 5 5 5 5 5 164 5 5 5 5 5 5 5
INPUT: -222 -102 -62 -53 -216 -113 -48 -215 -203 -255 822 -206 -71 -10 -203 -90
OUTPUT: 5 5 5 5 5 5 5 5 5 5 164 5 5 5 5 5
INPUT: -251 -62 -145 -14 869 -216 -141 -204 -31 -79 -169 -121 -85 -56 -235 -250
OUTPUT: 5 5 5 5 164 5 5 5 5 5 5 5 5 5 5 5
INPUT: -137 826 -151 -143 -228 -21 -103 -157 -126 -176 -37 -109 -129 -23 -41 -48
OUTPUT: 5 164 5 5 5 5 5 5 5 5 5 5 5 5 5 5
INPUT: -217 -79 951 -81 -61 -180 -183 -130 -186 -85 -65 -135 -71 -125 -74 -198
OUTPUT: 5 5 164 5 5 5 5 5 5 5 5 5 5 5 5 5
INPUT: -188 -114 -37 -192 -68 -12 -34 -153 -101 -2 -110 857 -244 -54 -148 -193
OUTPUT: 5 5 5 5 5 5 5 5 5 5 5 164 5 5 5 5
INPUT: -62 -137 -34 -68 -7 -29 -191 -87 -251 -2 889 -86 -39 -215 -39 -253
OUTPUT: 5 5 5 5 5 5 5 5 5 5 164 5 5 5 5 5
INPUT: -160 -106 -22 -172 -108 -31 -58 806 -15 -244 -105 -109 -55 -218 -210 -63
OUTPUT: 5 5 5 5 5 5 5 164 5 5 5 5 5 5 5 5
INPUT: -136 -69 -89 -202 -178 -8 948 -245 -200 -168 0 -179 -249 -125 -235 -186
OUTPUT: 5 5 5 5 5 5 164 5 5 5 5 5 5 5 5 5
INPUT: -243 -141 -212 -225 -106 -127 -66 -28 -193 -20 -123 -190 -39 -247 -113 840
OUTPUT: 5 5 5 5 5 5 5 5 5 5 5 5 5 5 5 164
INPUT: -35 -194 -41 -236 -215 -158 -37 -219 -32 -197 -140 896 -226 -14 -144 -79
OUTPUT: 5 5 5 5 5 5 5 5 5 5 5 164 5 5 5 5
INPUT: -98 -26 -77 -120 -91 -101 -145 -96 -142 891 -8 -10 -46 -102 -64 -210
OUTPUT: 5 5 5 5 5 5 5 5 5 164 5 5 5 5 5 5
INPUT: -190 -255 -9 -35 -124 -191 -79 -145 -50 0 -167 -193 -188 838 -155 -252
OUTPUT: 5 5 5 5 5 5 5 5 5 5 5 5 5 164 5 5
INPUT: -215 836 -229 -34 -199 -228 -253 -73 -190 -126 -227 -4 -224 -151 -38 -193
OUTPUT: 5 164 5 5 5 5 5 5 5 5 5 5 5 5 5 5
INPUT: -49 -186 -255 -146 -253 -23 -92 948 -204 -77 -83 -241 -31 -108 -53 -189
OUTPUT: 5 5 5 5 5 5 5 164 5 5 5 5 5 5 5 5
INPUT: -53 901 -250 -47 -203 -169 -95 -230 -238 -249 -21 -176 -87 -3 -85 -122
OUTPUT: 5 164 5 5 5 5 5 5 5 5 5 5 5 5 5 5
INPUT: -160 -102 -11 899 -147 -171 -30 -221 -39 -191 -73 -50 -134 -207 -40 -162
OUTPUT: 5 5 5 164 5 5 5 5 5 5 5 5 5 5 5 5
INPUT: -145 -81 -221 -144 -28 890 -139 -87 -29 -104 -45 -199 -166 -15 -29 -113
OUTPUT: 5 5 5 5 5 164 5 5 5 5 5 5 5 5 5 5
INPUT: -141 -241 -28 -47 -139 -184 904 -224 -71 -113 -196 -97 -5 -225 -139 -129
OUTPUT: 5 5 5 5 5 5 164 5 5 5 5 5 5 5 5 5
INPUT: -101 -216 877 -37 -176 -95 -96 -41 -67 -41 -96 -141 -155 -159 -149 -223
OUTPUT: 5 5 164 5 5 5 5 5 5 5 5 5 5 5 5 5
INPUT: -156 -247 784 -64 -108 -50 -117 -37 -52 -231 -6 -252 -103 -53 -171 -103
OUTPUT: 5 5 164 5 5 5 5 5 5 5 5 5 5 5 5 5
INPUT: -254 -232 -231 -100 -121 830 -79 -252 -187 -57 -23 -144 -235 -52 -29 -150
OUTPUT: 5 5 5 5 5 164 5 5 5 5 5 5 5 5 5 5
INPUT: -245 -105 -23 -82 -175 -91 -43 -134 -46 -156 -167 -107 -137 908 -124 -157
OUTPUT: 5 5 5 5 5 5 5 5 5 5 5 5 5 164 5 5
INPUT: -165 -71 -159 -158 -98 -240 930 -127 -140 -72 -62 -39 -160 -172 -73 -107
OUTPUT: 5 5 5 5 5 5 164 5 5 5 5 5 5 5 5 5
INPUT: -114 -58 -207 -114 -216 -152 -86 -130 -159 -29 855 -121 -13 -147 -54 -213
OUTPUT: 5 5 5 5 5 5 5 5 5 5 164 5 5 5 5 5
INPUT: -229 -128 -207 -94 959 -224 -8 -87 -16 -131 -247 -109 -113 -252 -36 -97
OUTPUT: 5 5 5 5 164 5 5 5 5 5 5 5 5 5 5 5
INPUT: -130 -98 -190 -7 -153 -214 -242 -93 -4 875 -76 -2 -71 -169 -102 -236
OUTPUT: 5 5 5 5 5 5 5 5 5 164 5 5 5 5 5 5
INPUT: -204 -12 -1 903 -74 -152 -220 -170 -196 -172 -201 -227 -200 -24 -234 -173
OUTPUT: 5 5 5 164 5 5 5 5 5 5 5 5 5 5 5 5
INPUT: -165 -123 -245 -90 -112 -82 -111 -144 -166 -198 -128 -249 -172 -82 870 -240
OUTPUT: 5 5 5 5 5 5 5 5 5 5 5 5 5 5 164 5
INPUT: -51 -16 -11 -147 -188 -100 -95 -97 -174 -240 1011 -216 -224 -19 -252 -102
OUTPUT: 5 5 5 5 5 5 5 5 5 5 164 5 5 5 5 5
INPUT: -164 -121 -78 -175 -134 -47 -65 -49 -3 -161 -65 -102 -85 -67 935 -29
OUTPUT: 5 5 5 5 5 5 5 5 5 5 5 5 5 5 164 5
INPUT: -184 -104 -64 -54 -148 933 -171 -213 -189 -22 -177 -6 -194 -71 -109 -78
OUTPUT: 5 5 5 5 5 164 5 5 5 5 5 5 5 5 5 5
INPUT: -75 -24 -112 -239 -187 -75 -130 -116 -103 -158 -58 799 -73 -73 -28 -104
OUTPUT: 5 5 5 5 5 5 5 5 5 5 5 164 5 5 5 5
INPUT: -94 -72 -134 -182 -115 -163 -23 -165 -211 -108 -155 -231 -111 -118 -212 913
OUTPUT: 5 5 5 5 5 5 5 5 5 5 5 5 5 5 5 164
INPUT: -58 -163 -192 782 -112 -249 -46 -206 -55 -75 -8 -9 -186 -60 -175 -95
OUTPUT: 5 5 5 164 5 5 5 5 5 5 5 5 5 5 5 5
INPUT: -255 -241 -223 -190 -24 -123 -52 -41 -68 996 -35 -66 -66 -25 -103 -121
OUTPUT: 5 5 5 5 5 5 5 5 5 164 5 5 5 5 5 5
INPUT: -140 -48 -242 -256 -121 -237 -6 -255 854 -194 -8 -158 -249 -249 -114 -3
OUTPUT: 5 5 5 5 5 5 5 5 164 5 5 5 5 5 5 5
INPUT: -132 -230 -122 -102 -192 -99 -26 -256 -197 -202 -224 -213 -96 -230 -67 1005
OUTPUT: 5 5 5 5 5 5 5 5 5 5 5 5 5 5 5 164
INPUT: -87 -205 -234 -197 -10 804 -158 -173 -125 -181 -5 -199 -161 -146 -224 -158
OUTPUT: 5 5 5 5 5 164 5 5 5 5 5 5 5 5 5 5
INPUT: -106 -152 -212 -253 -186 -240 -160 -49 -72 -13 -147 -75 -86 972 -178 -120
OUTPUT: 5 5 5 5 5 5 5 5 5 5 5 5 5 164 5 5
INPUT: -138 -198 -2 -226 -11 -49 -41 -53 -203 -94 -62 982 -186 -210 -172 -133
OUTPUT: 5 5 5 5 5 5 5 5 5 5 5 164 5 5 5 5
INPUT: -59 -83 -189 -133 -170 -196 -253 -169 -190 806 -240 -187 -245 -92 -111 -170
OUTPUT: 5 5 5 5 5 5 5 5 5 164 5 5 5 5 5 5
INPUT: -11 -106 -82 -120 -50 -27 -158 -79 -197 -89 -154 -254 -11 -34 885 -1
OUTPUT: 5 5 5 5 5 5 5 5 5 5 5 5 5 5 164 5
INPUT: -38 -178 -141 -86 -223 986 -177 -83 -221 -196 -74 -216 -148 -74 -60 -232
OUTPUT: 5 5 5 5 5 164 5 5 5 5 5 5 5 5 5 5
INPUT: -71 -169 -60 -70 -102 914 -68 0 -108 -49 -65 -37 -12 -207 -214 -106
OUTPUT: 5 5 5 5 5 164 5 5 5 5 5 5 5 5 5 5
INPUT: -52 -17 -149 -72 -206 -119 -250 851 -116 -68 -90 -164 -255 -226 -7 -20
OUTPUT: 5 5 5 5 5 5 5 164 5 5 5 5 5 5 5 5
INPUT: -190 -144 -79 -165 -239 -153 -189 -173 -214 994 -121 -187 -114 -130 -52 -11
OUTPUT: 5 5 5 5 5 5 5 5 5 164 5 5 5 5 5 5
INPUT: -76 -79 977 -168 -255 -5 -101 -153 -117 -246 -212 -96 -124 -55 -87 -102
OUTPUT: 5 5 164 5 5 5 5 5 5 5 5 5 5 5 5 5
INPUT: -239 818 -73 -186 -206 -201 -205 -122 -221 -87 -229 -249 -174 -207 -3 -178
OUTPUT: 5 164 5 5 5 5 5 5 5 5 5 5 5 5 5 5
INPUT: -160 -101 -56 922 -96 -133 -39 -110 -182 -76 -46 -137 -3 -31 -206 -55
OUTPUT: 5 5 5 164 5 5 5 5 5 5 5 5 5 5 5 5
INPUT: -119 -124 -38 -100 -118 -243 -141 -24 -74 -243 -30 -44 -116 -250 -112 929
OUTPUT: 5 5 5 5 5 5 5 5 5 5 5 5 5 5 5 164
INPUT: -22 -164 -36 -21 -251 1007 -74 -62 -156 -88 -99 -67 -72 -234 -215 -222
OUTPUT: 5 5 5 5 5 164 5 5 5 5 5 5 5 5 5 5
INPUT: -22 -52 -226 -109 -208 -162 -188 -44 -219 -91 -4 -80 993 -24 -91 -139
OUTPUT: 5 5 5 5 5 5 5 5 5 5 5 5 164 5 5 5
INPUT: -134 -120 -140 -237 -55 -224 -155 -157 -184 -153 852 -176 -212 -33 -7 -139
OUTPUT: 5 5 5 5 5 5 5 5 5 5 164 5 5 5 5 5
INPUT: -244 -247 -155 893 -69 -167 -8 -146 -185 -147 -202 -29 -164 -88 -156 -25
OUTPUT: 5 5 5 164 5 5 5 5 5 5 5 5 5 5 5 5
INPUT: -222 -25 -116 -183 -31 -242 -176 -119 -169 -134 893 -223 -247 -216 -12 -109
OUTPUT: 5 5 5 5 5 5 5 5 5 5 164 5 5 5 5 5
INPUT: 905 -75 -220 -185 -88 -133 -59 -26 -45 -209 -233 -213 -55 -22 -19 -180
OUTPUT: 164 5 5 5 5 5 5 5 5 5 5 5 5 5 5 5
INPUT: -45 -116 -219 -236 -11 -147 -166 -165 -159 -14 -240 -226 -54 825 -223 -247
OUTPUT: 5 5 5 5 5 5 5 5 5 5 5 5 5 164 5 5
INPUT: 915 -252 -201 -67 -37 -26 -156 -174 0 -59 -118 -191 -174 -124 -117 -252
OUTPUT: 164 5 5 5 5 5 5 5 5 5 5 5 5 5 5 5
INPUT: -105 -202 -60 -67 -232 -104 -88 -42 -203 -31 -138 -231 -229 -205 -184 960
OUTPUT: 5 5 5 5 5 5 5 5 5 5 5 5 5 5 5 164
INPUT: -208 -2 -215 -103 -18 -43 -90 -73 -222 -254 -145 951 -164 -199 -21 -31
OUTPUT: 5 5 5 5 5 5 5 5 5 5 5 164 5 5 5 5
INPUT: -217 -244 -89 -92 -161 -135 -131 -195 -176 -149 -102 -11 -118 935 -49 -227
OUTPUT: 5 5 5 5 5 5 5 5 5 5 5 5 5 164 5 5
INPUT: 838 -109 -246 -24 -12 -255 -202 -210 -56 -103 -211 -48 -166 -138 -157 -123
OUTPUT: 164 5 5 5 5 5 5 5 5 5 5 5 5 5 5 5
INPUT: -147 -23 -127 -21 -115 -59 -181 998 -188 -251 -215 -250 -14 0 -61 -228
OUTPUT: 5 5 5 5 5 5 5 164 5 5 5 5 5 5 5 5
INPUT: -66 -171 -127 -87 -250 -128 -69 -208 -142 -120 -68 783 -39 -97 -107 -102
OUTPUT: 5 5 5 5 5 5 5 5 5 5 5 164 5 5 5 5
INPUT: -77 -73 -125 -33 -84 -163 -251 -241 812 -138 -213 -208 -197 -56 -59 -158
OUTPUT: 5 5 5 5 5 5 5 5 164 5 5 5 5 5 5 5
INPUT: -228 -234 -156 -244 -171 -10 -126 782 -223 -187 -14 -158 -90 -6 -115 -178
OUTPUT: 5 5 5 5 5 5 5 164 5 5 5 5 5 5 5 5
INPUT: -227 -254 -30 -84 -180 -199 -81 -21 844 -174 -37 -27 -22 -181 -225 -143
OUTPUT: 5 5 5 5 5 5 5 5 164 5 5 5 5 5 5 5
INPUT: -30 -247 -94 -24 -6 -90 -13 -237 -164 -254 809 -25 -249 -251 -162 -190
OUTPUT: 5 5 5 5 5 5 5 5 5 5 164 5 5 5 5 5
INPUT: -54 -114 -159 -219 -1 -98 -144 -161 -24 -46 -48 -98 -29 922 -76 -152
OUTPUT: 5 5 5 5 5 5 5 5 5 5 5 5 5 164 5 5
INPUT: 0 -4 -125 -109 -26 943 -57 -239 -173 -26 -59 -66 -85 -150 -153 -49
OUTPUT: 5 5 5 5 5 164 5 5 5 5 5 5 5 5 5 5
INPUT: -70 -40 -174 -66 798 -221 -149 -242 -13 -25 -243 -41 -126 -76 -29 -108
OUTPUT: 5 5 5 5 164 5 5 5 5 5 5 5 5 5 5 5
INPUT: -255 -129 -13 -109 -161 -248 -22 -172 -76 -78 -191 -240 -157 903 -77 -46
OUTPUT: 5 5 5 5 5 5 5 5 5 5 5 5 5 164 5 5
INPUT: -246 -201 -61 899 -57 -220 -115 -148 -2 -89 -17 -219 -141 -58 -162 -94
OUTPUT: 5 5 5 164 5 5 5 5 5 5 5 5 5 5 5 5
INPUT: -2 -211 -17 -153 -136 -121 -188 -9 -23 -7 -1 940 -140 -38 -250 -42
OUTPUT: 5 5 5 5 5 5 5 5 5 5 5 164 5 5 5 5
INPUT: -160 -162 -248 -148 -151 -198 -193 877 -175 -43 -227 -108 -215 -121 -115 -92
OUTPUT: 5 5 5 5 5 5 5 164 5 5 5 5 5 5 5 5
INPUT: -126 -210 -137 -161 -85 -145 -56 -147 -196 783 -244 -118 -43 -59 -144 -206
OUTPUT: 5 5 5 5 5 5 5 5 5 164 5 5 5 5 5 5
INPUT: -154 -37 -155 -226 -188 -102 -217 -88 -144 -170 -194 -45 -154 881 -143 -232
OUTPUT: 5 5 5 5 5 5 5 5 5 5 5 5 5 164 5 5
INPUT: -126 -139 -47 -23 -55 -107 -117 -91 -182 775 -37 -188 -25 -39 -147 -23
OUTPUT: 5 5 5 5 5 5 5 5 5 164 5 5 5 5 5 5
INPUT: -167 943 -166 -15 -191 -184 -93 -255 -70 -159 -6 -79 -243 -232 -233 -12
OUTPUT: 5 164 5 5 5 5 5 5 5 5 5 5 5 5 5 5
INPUT: 813 -205 -32 -204 -75 -61 -181 -127 -199 -159 -9 -79 -39 -118 -195 -74
OUTPUT: 164 5 5 5 5 5 5 5 5 5 5 5 5 5 5 5
INPUT: -150 -93 -68 -194 -32 -159 -187 -206 776 -165 -132 -199 -80 -56 -169 -14
OUTPUT: 5 5 5 5 5 5 5 5 164 5 5 5 5 5 5 5
INPUT: -222 -105 -76 -192 -114 -174 -114 -87 -7 -139 -90 -108 -175 -191 806 -203
OUTPUT: 5 5 5 5 5 5 5 5 5 5 5 5 5 5 164 5
INPUT: -50 -208 -8 -80 -233 -79 -101 -170 -189 -72 -66 -172 795 -187 -238 -102
OUTPUT: 5 5 5 5 5 5 5 5 5 5 5 5 164 5 5 5
INPUT: -185 -126 -183 -201 -76 -116 -41 -107 -132 -189 -53 -206 -194 801 -66 -99
OUTPUT: 5 5 5 5 5 5 5 5 5 5 5 5 5 164 5 5
INPUT: 1011 -65 -137 -252 -209 -105 -78 -247 -245 -189 -235 -117 -224 -90 -57 -8
OUTPUT: 164 5 5 5 5 5 5 5 5 5 5 5 5 5 5 5
INPUT: -186 -248 -172 -75 -241 -164 -180 787 -75 -87 -119 -23 -230 -218 -158 -88
OUTPUT: 5 5 5 5 5 5 5 164 5 5 5 5 5 5 5 5
INPUT: -11 -178 -164 -96 -14 -86 -12 -208 -98 999 -126 -163 -4 -220 -151 -32
OUTPUT: 5 5 5 5 5 5 5 5 5 164 5 5 5 5 5 5
INPUT: -5 786 -243 -18 -146 -89 -155 -48 -109 -40 -206 -209 -143 -255 -79 -180
OUTPUT: 5 164 5 5 5 5 5 5 5 5 5 5 5 5 5 5
INPUT: -212 -97 -178 -201 -197 -201 -97 -213 1000 -80 -125 -103 -192 -17 -150 -183
OUTPUT: 5 5 5 5 5 5 5 5 164 5 5 5 5 5 5 5
INPUT: -88 -99 -29 -241 -42 -82 -164 -190 -229 -15 985 -190 -79 -74 -215 -48
OUTPUT: 5 5 5 5 5 5 5 5 5 5 164 5 5 5 5 5
INPUT: -234 -245 -93 -218 -122 -252 -56 -26 965 -11 -25 -142 -154 -27 -19 -7
OUTPUT: 5 5 5 5 5 5 5 5 164 5 5 5 5 5 5 5
INPUT: 839 -14 -14 -85 -37 -112 -14 -232 -35 -242 -169 -221 -133 -197 -12 -113
OUTPUT: 164 5 5 5 5 5 5 5 5 5 5 5 5 5 5 5
INPUT: -249 -57 -76 -116 -47 -41 -105 -9 -72 -83 -163 -255 -194 -60 928 -171
OUTPUT: 5 5 5 5 5 5 5 5 5 5 5 5 5 5 164 5
INPUT: -206 -189 -13 -150 -193 -131 -157 -69 -10 -105 -105 -163 894 -174 -256 -34
OUTPUT: 5 5 5 5 5 5 5 5 5 5 5 5 164 5 5 5
INPUT: -235 -42 -212 -151 -41 -139 1008 -202 -73 -6 -115 -79 -155 -64 -23 -76
OUTPUT: 5 5 5 5 5 5 164 5 5 5 5 5 5 5 5 5
INPUT: -105 -108 -178 826 -30 -91 -196 -117 -62 -16 -216 -223 -150 -224 -5 -147
OUTPUT: 5 5 5 164 5 5 5 5 5 5 5 5 5 5 5 5
INPUT: -141 -4 -131 -254 -194 -6 -3 -202 794 -236 -108 -224 -46 -15 -212 -138
OUTPUT: 5 5 5 5 5 5 5 5 164 5 5 5 5 5 5 5
INPUT: -169 -239 -188 -3 -245 -36 -236 -121 -140 -18 -205 -210 983 -70 -77 -249
OUTPUT: 5 5 5 5 5 5 5 5 5 5 5 5 164 5 5 5
INPUT: -102 -102 -180 -189 1010 -70 -224 -16 -107 -171 -154 -70 -160 -108 -74 -206
OUTPUT: 5 5 5 5 164 5 5 5 5 5 5 5 5 5 5 5
INPUT: -165 -149 -77 -100 841 -90 -25 -51 -45 -190 -149 -114 -245 -59 -173 -184
OUTPUT: 5 5 5 5 164 5 5 5 5 5 5 5 5 5 5 5
INPUT: -169 -101 -107 -191 856 -44 -232 -125 -123 -109 -29 -96 -7 -33 -201 -194
OUTPUT: 5 5 5 5 164 5 5 5 5 5 5 5 5 5 5 5
INPUT: -156 -114 -196 -199 -158 -84 -80 -6 -204 -155 914 -79 -104 -118 -237 -27
OUTPUT: 5 5 5 5 5 5 5 5 5 5 164 5 5 5 5 5
INPUT: -118 -156 -191 -63 -126 -247 -154 -18 -160 -150 999 -51 -85 -38 -227 -19
OUTPUT: 5 5 5 5 5 5 5 5 5 5 164 5 5 5 5 5
INPUT: -123 -96 939 -141 -204 -250 -5 -190 -104 -179 -161 -154 -170 -93 -10 -146
OUTPUT: 5 5 164 5 5 5 5 5 5 5 5 5 5 5 5 5
INPUT: -101 -195 -240 -38 -109 -150 -48 -176 -55 -172 -20 -187 -221 -77 -214 936
OUTPUT: 5 5 5 5 5 5 5 5 5 5 5 5 5 5 5 164
INPUT: -197 -203 -19 -100 -27 -228 -19 787 -85 -161 -241 -11 -1 -163 -14 -213
OUTPUT: 5 5 5 5 5 5 5 164 5 5 5 5 5 5 5 5
INPUT: -156 -243 938 -221 -69 -43 -80 -205 -60 -192 -62 -111 -162 -235 -44 -15
OUTPUT: 5 5 164 5 5 5 5 5 5 5 5 5 5 5 5 5
INPUT: -9 869 -206 -69 -167 -131 -216 -6 -70 -188 -161 -148 -65 -19 -174 -135
OUTPUT: 5 164 5 5 5 5 5 5 5 5 5 5 5 5 5 5
INPUT: -127 -229 -213 -153 -22 -167 -192 -66 -13 856 -254 -80 -150 -84 -185 -255
OUTPUT: 5 5 5 5 5 5 5 5 5 164 5 5 5 5 5 5
INPUT: -76 -155 -200 -137 -63 991 -79 -85 -161 -8 -27 -175 -248 -177 -204 -116
OUTPUT: 5 5 5 5 5 164 5 5 5 5 5 5 5 5 5 5
INPUT: -178 -146 -247 -117 -240 -16 -34 -201 -77 -111 -51 -134 -207 -92 822 -106
OUTPUT: 5 5 5 5 5 5 5 5 5 5 5 5 5 5 164 5
INPUT: -81 -44 -228 -154 -68 -214 975 -84 -165 -43 -125 -95 -220 -250 -243 -25
OUTPUT: 5 5 5 5 5 5 164 5 5 5 5 5 5 5 5 5
INPUT: -205 -121 -52 -83 -226 -27 -215 -212 -25 -132 -161 -114 -5 -225 798 -170
OUTPUT: 5 5 5 5 5 5 5 5 5 5 5 5 5 5 164 5
INPUT: -148 -116 917 -152 -93 -108 -71 -42 -151 -148 -129 -111 -228 -176 -212 -157
OUTPUT: 5 5 164 5 5 5 5 5 5 5 5 5 5 5 5 5
INPUT: -146 -111 -85 -145 -141 -76 -240 -118 -116 -62 -4 -52 -127 -213 -105 1007
OUTPUT: 5 5 5 5 5 5 5 5 5 5 5 5 5 5 5 164
INPUT: 936 -208 -74 -31 -82 -80 -128 -93 -181 -233 -44 -15 -37 -171 -232 -184
OUTPUT: 164 5 5 5 5 5 5 5 5 5 5 5 5 5 5 5
INPUT: -9 -168 -115 -54 -196 -9 -104 -254 -250 -30 -91 -61 -55 812 -52 -16
OUTPUT: 5 5 5 5 5 5 5 5 5 5 5 5 5 164 5 5
INPUT: -60 -177 -174 -150 -35 997 -145 -82 -228 -53 -15 -233 -217 -7 -205 -236
OUTPUT: 5 5 5 5 5 164 5 5 5 5 5 5 5 5 5 5
INPUT: -88 -115 -21 -88 -87 -40 -89 -127 -156 -127 -122 -164 -141 -51 -149 840
OUTPUT: 5 5 5 5 5 5 5 5 5 5 5 5 5 5 5 164
INPUT: -197 -53 -141 -184 -48 -251 -211 -44 871 -58 -41 -15 -240 -51 -75 -203
OUTPUT: 5 5 5 5 5 5 5 5 164 5 5 5 5 5 5 5
INPUT: -29 -101 -121 -215 -22 -113 -254 -251 -57 -215 -103 -82 -184 -110 988 -14
OUTPUT: 5 5 5 5 5 5 5 5 5 5 5 5 5 5 164 5
INPUT: 946 -121 -128 -10 -155 -112 -18 -214 -115 -229 -98 -162 -8 -150 -221 -42
OUTPUT: 164 5 5 5 5 5 5 5 5 5 5 5 5 5 5 5
INPUT: -64 -188 -92 -246 -206 -17 -67 -197 -227 -13 -227 -190 -209 856 -176 -7
OUTPUT: 5 5 5 5 5 5 5 5 5 5 5 5 5 164 5 5
INPUT: -127 -65 -115 -66 -87 -100 990 -51 -74 -53 -219 -83 -67 -179 -32 -178
OUTPUT: 5 5 5 5 5 5 164 5 5 5 5 5 5 5 5 5
